code/windninja/converted/local_new.asc
ncols        138
nrows        140
xllcorner    333853.158677786472
yllcorner    2629569.053044748027
cellsize     231.927083333334
NODATA_value  -32768
[rows 46 to 91 of 140, columns 0 to 95 of 138]
1940 1971 1993 2030 2039 2053 1989 1924 1900 1859 1808 1758 1733 1688 1669 1615 1620 1618 1517 1383 1239 1104 1001 965 1006 1040 1036 908 858 895 896 721 762 806 986 852 678 495 383 359 350 331 325 279 335 337 445 551 509 359 297 219 220 228 200 174 143 213 266 322 389 455 430 404 367 368 484 562 626 694 769 715 620 563 523 452 380 267 178 88 54 53 52 48 49 49 45 42 41 39 37 33 30 29 28 26
2029 2059 1932 1995 1973 1972 1899 1812 1738 1700 1666 1613 1570 1634 1544 1495 1541 1546 1429 1326 1195 1036 934 936 913 906 893 866 938 909 854 868 775 741 917 932 769 568 455 466 456 407 382 334 426 443 501 590 562 461 459 383 375 343 286 220 138 134 155 214 275 315 297 279 285 368 499 573 636 696 698 615 537 445 401 374 283 201 116 62 57 56 56 53 50 48 46 45 44 42 37 33 28 27 27 25
1905 1922 1882 1886 1819 1814 1819 1717 1625 1547 1498 1463 1477 1526 1450 1375 1379 1424 1360 1234 1121 1004 953 1057 1041 1083 1058 1047 1087 983 810 870 945 889 893 989 937 712 549 564 546 470 406 361 470 541 587 662 661 586 590 517 460 414 356 296 143 130 132 146 165 195 205 249 320 396 532 568 608 604 571 524 471 400 308 259 226 141 73 61 60 59 58 54 51 49 48 46 41 42 39 34 30 30 29 26
1737 1746 1780 1724 1652 1701 1713 1614 1521 1406 1335 1327 1370 1378 1348 1227 1166 1243 1316 1236 1041 988 1018 1180 1191 1267 1254 1249 1234 1044 874 825 891 924 818 911 1002 922 731 688 621 537 468 375 483 636 654 742 764 709 693 609 536 482 426 261 168 134 127 128 138 155 244 313 373 433 514 546 525 463 437 408 367 325 281 204 148 89 68 66 64 61 58 55 54 52 50 44 43 40 38 36 34 32 28 25
1815 1738 1627 1586 1517 1534 1550 1467 1397 1367 1424 1337 1298 1269 1244 1113 1119 1138 1172 1186 1041 1022 1120 1278 1348 1404 1397 1335 1229 1113 1018 967 800 814 777 842 953 1033 917 785 668 630 602 438 430 679 745 821 847 775 735 675 600 547 488 273 231 200 138 127 123 132 212 322 397 439 495 513 435 352 299 277 268 201 196 159 101 75 72 68 67 65 60 57 55 52 50 44 42 39 38 36 33 31 28 27
1877 1842 1776 1677 1589 1588 1500 1443 1508 1491 1501 1455 1372 1222 1157 1174 1230 1140 1083 1054 1004 1047 1151 1385 1492 1491 1346 1212 1113 1010 939 878 856 920 853 884 932 1064 1022 840 734 729 666 468 508 690 792 892 941 862 786 757 670 595 494 317 314 221 220 200 129 121 136 228 318 339 470 394 310 239 201 163 180 129 97 90 86 77 73 70 69 64 63 60 56 54 51 48 46 41 39 37 36 31 29 27
1983 2007 1972 1832 1700 1722 1656 1617 1647 1655 1576 1613 1506 1355 1231 1286 1344 1249 1076 1022 1096 1151 1210 1462 1536 1418 1274 1187 1077 991 1012 972 993 1039 966 1007 975 1093 1059 904 843 821 662 480 666 739 809 913 1007 949 852 803 709 618 509 414 356 259 301 264 164 120 115 123 179 244 363 295 201 142 118 105 100 93 90 88 82 79 74 72 70 66 63 60 56 53 52 47 45 44 39 39 37 35 31 28
2105 2088 2089 2033 1849 1793 1837 1810 1810 1774 1747 1732 1622 1430 1326 1367 1404 1270 1159 1084 1109 1228 1319 1495 1505 1365 1223 1118 1022 1079 1160 1190 1173 1149 1193 1148 1059 1154 1143 1014 950 842 649 517 680 788 876 943 1031 1033 928 845 752 644 570 396 335 291 344 294 188 130 118 114 112 138 195 158 122 105 101 97 95 91 89 86 80 77 76 73 69 67 63 61 58 56 52 47 45 42 39 38 35 34 31 28
2226 2216 2260 2175 2002 1870 1907 1937 1958 1886 1870 1904 1744 1534 1443 1491 1479 1307 1227 1163 1141 1244 1356 1549 1486 1324 1182 1064 1092 1194 1278 1355 1386 1326 1377 1295 1148 1222 1260 1097 952 812 688 590 695 799 887 977 1057 1105 1045 937 829 680 553 424 378 321 345 252 154 133 127 114 110 105 107 108 109 108 105 100 97 93 91 87 80 77 75 73 69 67 64 62 59 56 54 46 44 41 40 39 36 34 32 29
2233 2335 2348 2236 2101 1987 1949 2038 2059 2011 1936 1978 1877 1669 1616 1618 1524 1377 1314 1235 1160 1267 1367 1585 1474 1307 1152 1068 1169 1268 1355 1437 1498 1540 1546 1441 1253 1310 1298 1125 954 853 793 626 730 839 920 1014 1101 1162 1115 957 806 654 588 441 382 352 320 198 133 131 130 127 122 104 102 103 101 101 101 100 97 94 90 87 82 80 76 74 72 70 67 63 59 59 55 48 45 41 40 39 36 33 30 29
2156 2330 2383 2247 2098 1992 1982 2076 2151 2118 2008 1969 1961 1827 1754 1699 1566 1456 1349 1223 1211 1308 1384 1592 1474 1315 1172 1120 1149 1287 1408 1509 1577 1643 1659 1517 1320 1368 1314 1133 979 917 870 704 760 862 957 1064 1175 1245 1124 951 854 769 698 458 456 408 313 185 136 135 155 136 124 109 101 99 99 98 98 95 94 93 90 86 81 79 79 75 72 69 64 62 58 56 54 48 46 42 39 39 36 33 31 28
2210 2278 2370 2319 2144 2070 1994 2103 2222 2222 2090 1998 1990 1901 1772 1626 1498 1387 1257 1224 1277 1371 1508 1605 1495 1333 1206 1164 1223 1279 1398 1507 1614 1777 1723 1568 1429 1419 1260 1102 1000 987 950 767 788 913 1014 1137 1261 1323 1204 1048 950 823 594 559 527 423 317 201 143 139 165 184 126 112 104 98 96 93 93 93 91 89 89 88 82 80 77 73 71 68 65 62 60 56 51 48 45 42 41 37 36 33 31 29
2283 2355 2391 2398 2239 2125 2026 2141 2246 2291 2176 2082 1959 1855 1723 1572 1443 1341 1275 1302 1356 1422 1519 1620 1535 1386 1247 1226 1336 1406 1465 1557 1625 1809 1826 1681 1565 1448 1234 1124 1070 1091 970 809 843 958 1079 1202 1328 1365 1245 1069 936 777 694 608 491 382 270 186 154 146 153 208 168 122 106 98 95 93 90 88 89 88 87 86 82 81 77 74 70 67 63 60 57 55 50 48 45 43 40 38 36 33 32 30
2245 2379 2428 2411 2258 2131 2060 2154 2277 2300 2181 1917 1806 1752 1685 1571 1431 1322 1325 1347 1370 1466 1570 1631 1539 1395 1264 1293 1390 1510 1594 1647 1696 1823 1891 1809 1634 1453 1288 1207 1235 1192 1038 887 924 1021 1138 1258 1388 1356 1214 1051 932 837 679 528 409 317 219 176 163 152 144 167 219 209 155 102 95 92 88 85 85 85 85 82 78 76 72 69 68 64 64 60 57 56 53 48 49 46 40 38 35 34 32 29
2205 2314 2399 2417 2298 2141 2108 2196 2307 2281 2108 1862 1706 1634 1564 1474 1382 1361 1424 1409 1403 1494 1637 1670 1574 1431 1302 1301 1382 1490 1615 1709 1764 1912 1962 1824 1656 1501 1387 1311 1333 1213 1048 961 1022 1094 1206 1357 1425 1376 1254 1097 961 809 541 441 341 265 213 214 168 148 142 143 212 308 239 144 96 90 88 85 83 83 83 79 75 74 73 68 67 64 61 60 57 55 50 47 44 42 40 38 37 33 32 29
2316 2355 2401 2449 2364 2356 2204 2174 2254 2312 2171 1928 1826 1720 1623 1529 1426 1455 1516 1489 1443 1504 1687 1722 1647 1510 1333 1338 1359 1477 1598 1697 1814 1992 2053 1899 1715 1614 1522 1437 1318 1135 1072 1066 1109 1163 1301 1425 1447 1321 1188 1035 866 687 458 383 354 299 232 275 192 142 140 141 187 319 302 213 133 96 89 83 81 80 78 78 76 73 71 69 67 65 62 59 56 55 49 48 44 43 41 38 36 34 30 28
2324 2354 2386 2434 2441 2466 2364 2271 2243 2333 2312 2028 1899 1765 1658 1546 1479 1544 1620 1590 1531 1530 1711 1787 1718 1543 1351 1392 1427 1469 1580 1667 1959 2070 2140 1992 1818 1733 1640 1505 1290 1152 1184 1220 1235 1230 1325 1438 1396 1231 1066 932 849 732 544 458 395 292 265 303 219 146 140 140 247 338 361 285 213 171 144 120 84 77 77 78 75 73 70 69 65 65 61 59 57 54 50 48 44 42 40 38 36 33 34 29
2356 2406 2421 2455 2534 2542 2565 2413 2334 2386 2430 2126 1971 1789 1663 1569 1561 1635 1710 1663 1603 1592 1748 1825 1701 1533 1385 1480 1555 1533 1633 1735 1958 2110 2220 2099 1947 1855 1741 1559 1319 1208 1268 1352 1372 1315 1333 1425 1300 1128 957 797 706 625 474 393 324 307 342 320 205 142 140 140 209 314 396 348 282 225 197 194 153 111 80 72 71 70 67 65 64 62 60 59 57 54 47 45 44 42 38 37 34 34 35 30
2222 2319 2439 2512 2563 2587 2621 2544 2432 2401 2398 2183 2017 1853 1718 1607 1627 1708 1781 1744 1683 1733 1804 1820 1624 1480 1421 1520 1633 1615 1689 1784 2017 2144 2257 2184 2029 1918 1792 1590 1385 1290 1325 1472 1488 1414 1407 1371 1194 1059 921 798 694 562 433 399 393 406 359 244 161 140 140 140 175 253 345 419 364 310 277 246 191 125 80 72 68 65 62 62 61 59 58 57 55 54 49 46 43 42 39 36 34 32 33 34
2104 2218 2353 2489 2583 2636 2670 2690 2544 2441 2301 2055 1974 1849 1745 1659 1704 1787 1854 1842 1802 1828 1880 1786 1592 1555 1538 1510 1640 1708 1738 1840 2003 2119 2210 2168 1986 1848 1697 1550 1434 1410 1374 1506 1577 1517 1450 1319 1149 1005 827 706 605 602 536 504 486 405 301 204 148 140 140 140 209 288 343 432 453 387 336 257 172 95 76 71 68 66 64 63 59 57 55 53 53 51 48 46 44 41 37 34 33 32 31 29
2100 2184 2273 2397 2565 2610 2632 2661 2572 2492 2326 2044 1936 1850 1822 1754 1769 1854 1931 1943 1943 1980 1968 1824 1633 1668 1653 1548 1648 1765 1854 1911 2021 2131 2209 2127 1942 1731 1614 1523 1515 1510 1413 1477 1557 1534 1402 1217 1026 873 763 711 717 702 607 512 409 314 239 176 148 141 141 146 276 357 408 475 475 376 283 191 109 74 73 72 68 66 64 63 61 57 53 51 49 44 42 43 42 39 36 34 35 33 29 27
2018 2121 2245 2377 2447 2444 2520 2488 2609 2579 2341 2176 2093 1952 1935 1881 1853 1919 1995 2071 2111 2113 2003 1849 1725 1717 1671 1633 1697 1814 1946 2012 2078 2156 2223 2139 1956 1749 1710 1653 1629 1598 1404 1456 1523 1484 1358 1188 1022 934 848 847 856 682 531 404 289 215 175 156 149 159 194 189 304 427 480 496 429 324 246 148 82 69 69 70 68 66 65 63 60 56 56 53 48 44 40 38 37 37 36 33 35 31 30 25
2039 2165 2268 2252 2255 2343 2425 2322 2218 2437 2417 2280 2132 2046 2017 2016 1992 2008 2073 2182 2245 2145 2055 1953 1833 1807 1765 1747 1748 1870 2011 2117 2188 2205 2278 2202 1985 1790 1775 1777 1764 1646 1432 1428 1471 1512 1410 1242 1123 1034 972 971 875 603 456 349 245 183 165 153 148 170 261 299 345 418 537 531 403 288 195 108 68 69 67 67 66 65 63 62 60 58 53 52 52 46 42 38 35 32 31 30 28 26 25 24
2014 2134 2125 2116 2207 2334 2328 2173 2082 2202 2399 2333 2233 2174 2118 2075 1993 2021 2074 2141 2141 2029 2120 2094 1944 1938 1902 1880 1848 1922 2062 2179 2289 2300 2321 2168 2008 1850 1846 1904 1887 1715 1477 1460 1486 1458 1346 1223 1072 1003 1024 996 829 480 344 269 207 175 203 150 141 160 266 345 444 479 535 506 372 242 145 71 66 66 66 66 65 63 61 59 57 55 54 51 49 45 44 41 38 32 29 27 26 24 20 18
1992 2020 2034 2142 2233 2262 2131 2019 1951 1924 2260 2361 2314 2238 2114 1996 1908 1918 1955 1957 1938 1895 2042 2139 2055 2062 2055 2011 1954 1967 2088 2311 2372 2380 2344 2191 2072 1899 1877 1976 1880 1676 1581 1488 1390 1283 1222 1091 903 823 902 933 816 431 324 255 195 200 238 148 131 164 244 310 434 511 534 427 305 181 90 62 63 61 62 62 61 59 58 56 55 54 53 50 48 43 42 41 38 33 29 27 25 22 20 19
1893 1884 2013 2122 2144 2105 1947 1845 1798 1792 2150 2283 2232 2176 2054 1949 1848 1785 1814 1773 1727 1773 1902 2014 2106 2176 2204 2130 2094 2055 2109 2275 2377 2408 2338 2184 2018 1929 1918 1854 1702 1549 1559 1457 1264 1137 1055 949 797 684 758 817 700 424 324 240 200 237 266 164 123 149 225 346 410 494 440 331 219 123 63 59 61 60 60 57 58 58 56 54 54 51 51 48 47 44 41 38 36 34 32 30 26 22 20 16
1759 1819 1904 1963 2020 1934 1802 1679 1646 1772 2054 2143 2071 2102 2031 1929 1809 1705 1688 1676 1559 1673 1760 1877 2003 2079 2109 2002 1945 1955 2002 2216 2265 2316 2325 2192 2065 1938 1759 1587 1455 1340 1436 1347 1156 1013 887 805 702 597 626 639 522 359 280 213 263 302 304 195 118 130 203 330 392 423 330 224 154 79 55 57 58 56 58 55 55 56 53 52 51 50 49 46 45 42 40 38 35 33 31 29 27 24 22 18
1723 1836 1902 1934 1909 1766 1574 1519 1665 1790 2033 1996 1914 1880 1853 1842 1790 1728 1595 1551 1473 1581 1714 1843 1919 1853 1886 1850 1807 1855 1928 2093 2177 2256 2295 2192 1986 1793 1643 1451 1243 1172 1343 1222 1065 907 785 719 640 549 489 489 338 303 265 240 299 356 297 195 122 119 167 297 369 336 263 190 108 61 55 55 54 55 54 55 54 54 53 50 50 48 45 44 43 39 37 35 33 30 30 27 25 23 20 15
1724 1865 1911 1825 1705 1541 1367 1553 1723 1903 2034 1969 1775 1688 1621 1607 1638 1634 1591 1455 1452 1592 1676 1754 1761 1669 1678 1732 1730 1790 1835 2068 2179 2155 2201 2134 1888 1719 1560 1363 1180 1083 1271 1161 1031 936 845 762 661 563 485 441 360 300 260 263 361 365 288 204 125 110 132 269 314 301 248 175 109 53 53 54 52 52 52 52 52 50 50 48 48 46 44 42 40 37 37 34 32 30 28 26 24 22 19 14
1766 1791 1696 1625 1514 1358 1280 1448 1598 1837 1994 1981 1783 1598 1489 1423 1454 1454 1513 1403 1391 1455 1479 1553 1608 1535 1582 1625 1675 1683 1778 1943 1996 2037 2150 2048 1804 1611 1436 1244 1133 1108 1197 1222 1101 1039 943 804 679 583 541 484 282 255 274 342 393 345 271 185 113 102 101 227 275 271 160 107 61 48 49 51 51 52 50 49 49 47 46 46 46 43 43 42 39 37 37 35 34 29 26 25 23 20 19 12
1642 1522 1427 1362 1352 1254 1247 1381 1555 1780 1935 2009 1795 1638 1518 1394 1300 1312 1374 1365 1201 1252 1303 1399 1451 1470 1538 1531 1547 1578 1675 1772 1856 1982 2102 2011 1734 1476 1305 1153 1041 1026 1118 1212 1139 1071 983 844 724 623 502 413 324 330 365 415 380 302 227 157 99 97 96 203 272 213 98 54 46 46 48 48 49 48 48 48 46 46 46 44 44 43 40 39 36 35 34 33 30 27 26 24 22 19 19 30
1477 1336 1175 1122 1135 1113 1171 1310 1475 1693 1864 2016 1933 1725 1615 1521 1327 1197 1200 1199 1092 1170 1264 1349 1416 1519 1526 1540 1570 1622 1698 1768 1856 1955 2018 1879 1635 1373 1241 1132 970 949 1013 1098 1041 906 817 722 620 482 344 322 394 427 461 419 347 286 205 137 95 91 96 205 257 157 62 40 42 46 46 48 46 44 45 46 44 45 42 39 40 41 39 38 34 34 33 31 29 26 25 23 21 20 16 79
1310 1201 1040 966 1014 1116 1203 1343 1517 1720 1872 2000 1981 1819 1743 1593 1372 1247 1153 1100 1050 1154 1247 1339 1446 1499 1555 1629 1657 1689 1803 1864 1920 1996 1929 1690 1516 1346 1208 1057 851 839 918 1018 892 758 634 568 509 385 362 396 477 518 467 380 316 253 189 138 106 86 89 184 220 118 45 40 41 42 43 44 44 43 45 45 43 41 39 38 38 39 36 35 32 32 31 29 28 26 24 22 22 18 15 124
1167 1060 941 960 1046 1119 1229 1421 1582 1748 1854 1892 1846 1857 1782 1622 1451 1301 1148 1093 999 1080 1184 1316 1439 1531 1587 1599 1694 1761 1857 1933 2004 2040 1796 1544 1421 1290 1178 1054 866 762 896 933 775 630 530 451 397 365 431 477 545 508 430 363 318 246 199 149 125 84 138 190 193 103 41 40 41 40 43 44 41 41 42 41 45 41 37 37 36 36 34 34 32 29 28 28 28 26 23 21 18 14 30 163
1037 923 876 1019 1185 1216 1279 1398 1581 1618 1705 1729 1695 1787 1777 1608 1438 1311 1222 1082 957 1054 1179 1331 1457 1556 1661 1697 1707 1791 1925 2003 2062 1971 1723 1563 1447 1313 1207 1084 895 648 748 762 656 553 466 421 418 436 500 559 543 444 404 363 301 248 194 151 134 89 136 179 202 97 40 39 39 41 41 42 40 38 38 39 41 39 36 36 35 34 33 31 30 28 26 25 24 24 20 17 15 28 141 212
948 830 884 1017 1170 1295 1385 1485 1639 1501 1506 1538 1654 1748 1780 1647 1493 1414 1323 1114 937 942 1063 1213 1369 1527 1684 1794 1809 1854 1984 2056 2068 1915 1717 1595 1455 1306 1181 1063 886 675 579 605 550 463 447 494 506 533 574 599 479 362 349 330 284 221 169 140 106 80 133 166 199 119 44 41 41 40 39 39 40 39 38 37 36 35 33 33 32 32 31 30 28 28 25 23 22 19 15 14 20 43 166 264
835 820 910 1072 1224 1345 1485 1621 1651 1512 1410 1450 1548 1621 1641 1683 1562 1483 1351 1030 898 967 1043 1114 1236 1405 1603 1777 1895 1953 2041 2070 2052 1902 1712 1549 1430 1290 1167 1014 934 708 607 535 496 483 522 548 581 615 643 573 448 372 286 254 220 175 142 113 83 81 87 107 141 155 70 45 43 41 37 36 38 37 37 35 34 34 32 31 31 31 29 26 26 24 22 19 18 16 14 19 38 62 184 296
770 865 1008 1114 1254 1387 1555 1720 1759 1619 1456 1326 1371 1373 1381 1390 1450 1365 1322 1002 908 1014 1123 1194 1249 1364 1514 1670 1801 1944 2103 2139 2062 1899 1752 1608 1447 1234 1095 937 758 683 624 550 520 547 595 624 675 701 717 580 461 344 232 192 178 141 104 105 121 134 119 71 77 117 96 54 45 42 38 37 36 33 35 34 33 31 30 29 29 28 27 22 21 21 18 16 16 20 23 44 68 98 270 378
868 960 998 1127 1275 1413 1593 1798 1878 1702 1535 1390 1280 1229 1175 1262 1372 1211 1068 951 872 1009 1175 1270 1352 1439 1561 1712 1802 1904 2116 2145 1993 1834 1698 1581 1382 1222 1081 985 810 732 664 593 559 598 652 700 732 664 637 569 409 300 213 159 118 104 116 158 161 159 142 89 55 58 55 49 46 42 40 37 35 33 34 30 29 30 28 28 27 26 26 22 20 19 17 18 22 28 68 94 119 166 294 401
1012 1080 1182 1192 1298 1469 1652 1829 1862 1750 1604 1480 1361 1280 1172 1121 1148 1215 912 836 834 963 1188 1325 1419 1506 1617 1774 1863 1983 2033 1917 1773 1745 1669 1495 1290 1173 1095 1024 842 753 676 628 648 656 698 675 526 430 438 493 384 271 185 130 112 163 166 164 128 111 62 55 52 51 52 50 48 43 41 38 32 32 31 29 28 31 28 26 25 25 24 20 19 19 20 23 30 78 135 174 215 240 344 418
1148 1192 1327 1379 1454 1578 1766 1817 1675 1682 1661 1574 1477 1400 1230 1132 1090 1177 989 813 872 977 1151 1325 1475 1572 1653 1703 1695 1812 1870 1812 1626 1537 1468 1329 1167 1051 1011 953 791 734 706 708 730 714 640 527 413 323 275 285 267 213 140 121 136 215 198 128 89 63 46 49 50 45 48 49 44 42 39 36 35 30 29 30 28 27 29 28 28 25 23 20 19 20 24 28 56 94 166 218 286 338 409 416
1258 1300 1430 1556 1629 1724 1852 1773 1517 1511 1535 1420 1325 1293 1270 1221 1209 994 734 817 942 1038 1151 1257 1354 1423 1466 1457 1426 1638 1684 1711 1544 1413 1315 1178 1032 1002 886 908 825 805 787 795 798 726 618 514 424 327 233 155 141 134 129 134 189 234 169 91 44 42 43 47 47 44 45 46 42 40 37 37 32 29 30 30 29 28 27 28 26 23 22 23 24 26 30 41 70 116 182 282 351 397 431 417
1352 1420 1531 1702 1781 1865 1923 1775 1517 1446 1381 1278 1178 1118 1041 937 920 899 753 749 851 958 1029 1101 1169 1200 1246 1241 1274 1460 1575 1642 1546 1416 1265 1068 945 869 813 788 842 858 855 848 748 599 487 406 330 247 177 169 168 158 158 180 241 238 152 67 38 41 41 44 44 42 42 41 41 39 37 34 31 29 30 29 29 28 27 27 24 23 23 28 29 30 40 52 80 117 201 310 387 414 403 387
1350 1460 1578 1731 1844 1847 1793 1641 1598 1459 1285 1163 1091 980 794 607 587 637 706 690 796 870 931 979 1024 1088 1152 1218 1291 1428 1513 1527 1434 1352 1194 1065 954 860 733 675 649 712 774 818 704 538 388 333 268 204 240 241 240 210 220 256 289 228 145 68 37 39 40 43 43 40 39 38 37 37 36 34 31 31 30 29 30 28 29 28 25 24 25 32 36 41 51 80 107 157 217 312 377 367 363 341
1225 1317 1456 1613 1672 1674 1562 1570 1563 1412 1244 1121 1018 868 672 525 606 644 760 747 866 957 1024 1075 1091 1135 1182 1240 1299 1409 1467 1369 1223 1158 1076 1034 994 917 763 703 555 645 738 796 641 456 339 278 221 249 325 323 316 290 319 354 320 227 126 52 37 40 39 41 40 38 39 37 35 34 31 32 31 32 31 29 29 29 29 28 26 27 32 38 44 56 87 94 129 198 281 350 398 328 334 308
1156 1239 1368 1494 1472 1500 1351 1502 1516 1381 1242 1116 959 811 638 519 648 740 799 857 946 1029 1097 1171 1196 1234 1265 1293 1326 1453 1356 1155 1052 991 922 861 887 893 829 642 509 573 712 732 548 426 342 258 231 305 414 407 398 386 423 408 314 205 110 50 40 39 40 39 39 39 35 36 34 35 33 34 31 32 31 30 30 30 27 27 27 32 42 51 59 72 84 108 166 194 272 338 342 342 296 243
