code/windninja/converted/local_new.asc
ncols        138
nrows        140
xllcorner    333853.158677786472
yllcorner    2629569.053044748027
cellsize     231.927083333334
NODATA_value  -32768
[rows 0 to 45 of 140, columns 0 to 95 of 138]
2322.0 2197 2066 2006 2028 1997 1950 1898 1863 2084 2269 2417 2568 2688 2746 2818 2863 2758 2596 2553 2538 2510 2438 2435 2405 2378 2519 2515 2473 2506 2344 2175 2077 2099 2070 1982 1907 1887 1869 1817 1639 1555 1535 1652 1778 1886 1876 1966 2060 2044 2181 2047 1941 1850 1758 1682 1671 1580 1506 1481 1492 1673 1583 1453 1300 1138 1035 1115 1105 1092 1167 1156 1364 1435 1384 1339 1372 1437 1350 1147 948 767 732 808 794 811 946 1063 1157 1207 1220 1124 1037 982 839 664
2272 2276 2170 2034 1944 1895 1832 1876 1942 2152 2302 2433 2554 2633 2683 2823 2838 2665 2543 2447 2495 2526 2388 2328 2280 2349 2445 2440 2390 2410 2336 2219 2102 1990 2067 2048 1935 1818 1785 1761 1596 1510 1557 1683 1764 1955 2030 2078 2191 2144 2207 2075 1953 1849 1801 1826 1734 1612 1481 1421 1382 1445 1409 1326 1245 1107 1082 1179 1210 1227 1297 1308 1345 1472 1518 1500 1512 1450 1243 1028 908 832 828 778 884 898 939 1013 1129 1225 1147 1013 900 896 768 586
2313 2367 2286 2144 2014 1915 1813 1891 2114 2199 2267 2328 2442 2531 2608 2720 2750 2612 2471 2434 2502 2529 2396 2273 2234 2264 2299 2289 2341 2353 2294 2190 2080 1946 2012 2003 1940 1839 1705 1665 1514 1540 1652 1756 1856 1981 2085 2199 2301 2263 2211 2032 1943 1896 1943 1940 1759 1643 1576 1514 1353 1204 1219 1185 1130 1060 1130 1269 1358 1345 1429 1489 1372 1460 1558 1634 1540 1357 1132 1051 1041 953 921 823 895 986 1060 1108 1155 1183 1031 900 763 759 649 561
2356 2383 2283 2120 2022 1930 1800 1787 2040 2115 2166 2213 2317 2442 2520 2643 2664 2547 2412 2390 2452 2515 2412 2294 2245 2178 2168 2174 2233 2337 2239 2128 2029 1940 1941 1974 1890 1811 1686 1568 1481 1578 1685 1784 1890 2011 2127 2271 2334 2289 2162 2020 2057 2049 2028 1939 1832 1740 1663 1582 1455 1204 1120 1097 1087 1111 1139 1255 1413 1442 1527 1617 1440 1465 1603 1645 1474 1272 1119 1148 1156 1064 954 863 891 989 1092 1166 1224 1140 980 811 635 616 484 431
2396 2395 2274 2139 2133 2065 1928 1767 1900 1971 2071 2129 2253 2365 2423 2520 2529 2456 2310 2287 2382 2475 2463 2364 2272 2155 2079 2095 2140 2253 2183 2062 1986 1969 1921 1830 1808 1732 1646 1536 1505 1595 1705 1827 1914 2024 2162 2277 2323 2291 2173 2106 2140 2094 1982 1875 1781 1650 1532 1396 1311 1153 1155 1195 1227 1237 1224 1252 1356 1494 1613 1679 1560 1580 1666 1591 1395 1214 1172 1274 1264 1112 1003 928 945 994 1078 1182 1242 1130 979 802 593 501 380 302
2274 2356 2276 2191 2151 2164 2025 1863 1772 1863 1997 2102 2202 2288 2322 2341 2388 2351 2201 2271 2363 2432 2471 2438 2345 2205 2120 2102 1996 2050 2051 1966 1951 1944 1882 1772 1637 1608 1516 1455 1574 1642 1713 1805 1927 2048 2198 2268 2331 2348 2262 2196 2154 1996 1857 1776 1689 1561 1382 1257 1239 1156 1197 1268 1326 1341 1376 1380 1350 1433 1599 1720 1706 1750 1678 1499 1330 1222 1275 1327 1279 1112 1073 1022 1035 1042 1103 1188 1246 1126 951 771 547 357 302 220
2209 2292 2176 2054 1996 2105 2071 1921 1727 1884 1962 2012 2107 2179 2200 2158 2228 2250 2133 2265 2302 2373 2429 2485 2442 2266 2217 2134 1918 1811 1826 1798 1854 1871 1780 1731 1635 1552 1469 1482 1573 1605 1679 1770 1872 2010 2117 2153 2241 2209 2256 2252 2154 1948 1776 1676 1584 1452 1316 1346 1346 1228 1273 1301 1377 1433 1495 1490 1453 1559 1662 1865 1880 1781 1598 1426 1318 1320 1371 1404 1288 1134 1157 1109 1150 1142 1157 1223 1245 1074 871 672 359 272 208 144
2247 2260 2123 1956 1870 1973 2066 1972 1698 1818 1850 1880 1971 2055 2096 2001 2065 2102 2013 2144 2204 2300 2380 2396 2366 2331 2246 2121 1987 1721 1684 1657 1694 1729 1608 1536 1532 1502 1421 1628 1647 1627 1640 1700 1787 1923 1998 2104 2165 2072 2208 2224 2129 1964 1774 1606 1479 1406 1382 1450 1465 1258 1316 1366 1398 1462 1547 1596 1584 1632 1780 1959 1936 1705 1531 1436 1438 1446 1473 1456 1291 1170 1241 1241 1262 1257 1243 1250 1201 997 838 613 377 286 203 124
2256 2186 2092 1927 1776 1820 1898 1998 1725 1682 1697 1780 1817 1938 1969 1864 1884 1896 1950 2047 2120 2213 2228 2165 2186 2176 2190 2083 1982 1825 1768 1691 1539 1539 1520 1389 1403 1412 1409 1629 1718 1717 1699 1689 1760 1915 2024 2138 2138 2030 2111 2118 2052 1962 1792 1638 1557 1505 1455 1514 1500 1316 1325 1437 1483 1527 1595 1692 1764 1785 1816 1764 1827 1697 1575 1544 1502 1504 1554 1466 1332 1282 1303 1354 1342 1353 1324 1290 1145 1002 825 587 348 267 176 142
2246 2151 2025 1871 1737 1710 1800 1961 1855 1779 1672 1664 1693 1807 1799 1726 1758 1738 1962 2046 2119 2111 2018 2037 2017 2009 2102 2104 2000 1841 1775 1742 1601 1415 1418 1442 1479 1555 1537 1591 1726 1823 1804 1761 1864 1951 2061 2139 2125 2007 2037 2049 1944 1858 1750 1748 1675 1619 1551 1552 1512 1397 1344 1440 1549 1613 1680 1754 1886 1956 1891 1656 1660 1607 1493 1373 1266 1321 1416 1468 1438 1430 1402 1438 1418 1404 1285 1117 939 879 774 600 290 231 221 254
2152 2109 2021 1894 1705 1614 1674 1839 1950 1903 1783 1652 1591 1680 1642 1572 1623 1605 1930 2040 2094 1987 1877 1925 1866 1928 1957 1989 1961 1810 1764 1675 1547 1355 1479 1571 1564 1607 1672 1629 1661 1785 1877 1842 1942 2053 2088 2088 2077 1983 1961 2032 2003 1928 1933 1879 1776 1730 1642 1621 1538 1403 1439 1508 1571 1628 1721 1837 1951 1923 1731 1493 1432 1404 1298 1201 1087 1122 1247 1369 1357 1460 1463 1438 1415 1392 1198 995 849 723 646 527 294 296 334 312
2124 2057 1987 1877 1704 1561 1549 1694 1832 1929 1841 1702 1564 1544 1506 1459 1498 1588 1892 1957 1982 1862 1747 1719 1672 1721 1744 1823 1746 1686 1648 1626 1489 1326 1399 1514 1601 1672 1752 1755 1752 1821 1942 1938 1947 2033 2032 1994 1965 1865 1860 1987 2133 2157 2108 1989 1883 1803 1700 1669 1522 1488 1571 1615 1675 1716 1794 1895 1918 1795 1609 1316 1253 1318 1187 1055 923 975 1125 1211 1155 1353 1301 1253 1230 1277 1124 960 810 665 561 454 409 421 390 292
2134 2081 1978 1830 1670 1507 1447 1549 1716 1885 1851 1777 1628 1591 1610 1479 1468 1608 1799 1913 1885 1735 1604 1568 1503 1472 1577 1703 1595 1540 1490 1420 1330 1255 1383 1442 1534 1617 1706 1828 1884 1964 2045 2047 1996 1976 1944 1903 1844 1695 1804 1967 2116 2189 2137 2074 1988 1835 1763 1733 1547 1533 1635 1717 1759 1810 1833 1740 1637 1553 1497 1190 1038 949 1073 944 815 854 952 1045 1027 1175 1100 1043 1092 1209 1147 983 869 741 605 511 536 480 359 247
2062 2058 1975 1852 1712 1501 1379 1460 1638 1835 1927 1890 1801 1663 1527 1427 1487 1583 1718 1819 1828 1634 1481 1438 1407 1348 1492 1574 1454 1411 1356 1235 1121 1161 1350 1398 1485 1540 1614 1791 1892 2020 2079 2063 1980 1925 1874 1830 1723 1670 1807 1884 1948 2046 2171 2218 2081 1902 1838 1820 1685 1670 1657 1742 1828 1762 1644 1506 1361 1336 1362 1146 969 835 837 767 701 692 820 881 885 956 891 968 1069 1178 1212 1075 942 759 667 611 596 476 345 227
1910 2016 1980 1860 1692 1501 1363 1374 1535 1722 1862 1831 1765 1685 1505 1393 1459 1581 1682 1744 1740 1565 1406 1324 1313 1262 1357 1451 1353 1280 1212 1199 1030 1111 1211 1289 1431 1554 1608 1789 1902 2003 1997 1971 1912 1845 1801 1728 1642 1653 1717 1786 1879 1995 2138 2264 2134 1988 1953 1911 1838 1823 1773 1744 1804 1670 1508 1377 1248 1218 1376 1175 1019 897 802 644 570 652 733 684 764 765 851 981 1086 1183 1249 1111 971 881 775 689 546 416 288 169
1784 1881 1841 1773 1677 1501 1366 1278 1457 1662 1785 1780 1704 1609 1509 1389 1397 1554 1578 1625 1636 1513 1374 1247 1198 1179 1219 1360 1255 1169 1062 1112 1039 965 1094 1209 1310 1456 1717 1756 1828 1931 1979 1899 1833 1741 1692 1645 1557 1661 1726 1807 1912 2029 2165 2277 2219 2087 2056 2046 1880 1815 1654 1569 1668 1602 1470 1339 1204 1117 1343 1239 1078 1004 898 698 533 552 544 566 692 750 859 964 1076 1180 1230 1116 971 834 769 561 472 342 213 120
1675 1764 1656 1598 1545 1414 1286 1195 1352 1543 1639 1685 1613 1573 1535 1494 1403 1446 1448 1493 1536 1460 1308 1157 1093 1057 1117 1324 1146 1051 973 917 931 892 1002 1141 1264 1403 1766 1850 1832 1912 1996 1881 1756 1642 1572 1551 1513 1687 1736 1778 1852 1968 2135 2212 2241 2201 2152 2025 1702 1642 1509 1433 1526 1475 1366 1257 1124 1021 1269 1240 1159 1062 894 718 574 416 434 534 586 709 840 936 1042 1149 1124 1002 875 677 618 508 418 325 207 113
1570 1679 1566 1428 1313 1241 1048 1095 1231 1367 1520 1513 1436 1517 1616 1605 1482 1335 1356 1408 1422 1361 1273 1116 1012 920 1020 1297 1050 923 867 776 795 866 1027 1161 1248 1351 1702 1897 1965 1993 2008 1885 1771 1682 1552 1473 1546 1741 1802 1829 1863 1955 2047 2057 2148 2165 2023 1745 1595 1488 1406 1334 1443 1383 1229 1051 898 884 1100 1113 1140 995 786 601 560 416 391 468 547 712 818 910 1016 1112 1003 878 760 625 494 526 483 394 251 130
1456 1571 1536 1402 1204 1113 988 1028 1163 1267 1390 1340 1317 1403 1499 1604 1572 1433 1313 1332 1300 1180 1166 1049 932 831 1004 1131 1015 867 752 735 850 908 1032 1110 1184 1285 1553 1696 1866 1973 1981 1894 1819 1724 1604 1494 1490 1695 1721 1724 1776 1878 1875 1975 2119 2039 1877 1619 1588 1484 1337 1211 1206 1151 1024 927 763 812 964 1005 1023 915 670 461 328 328 411 513 751 816 874 929 1009 1063 909 738 572 572 472 410 371 336 227 121
1293 1499 1563 1394 1179 1043 947 956 1056 1182 1236 1181 1259 1303 1393 1526 1630 1453 1353 1326 1247 1171 1077 916 842 768 954 983 892 791 697 758 890 1020 1046 1074 1127 1208 1467 1633 1787 1813 1853 1760 1695 1685 1621 1528 1413 1538 1579 1583 1647 1738 1795 1936 2070 2055 1922 1657 1538 1407 1256 1077 914 816 760 798 684 689 853 887 819 842 605 420 302 332 456 584 852 933 980 984 1031 1056 914 769 514 383 355 302 216 200 137 67
1248 1442 1482 1328 1201 1094 880 858 948 1072 1075 1104 1153 1223 1347 1469 1587 1532 1424 1329 1233 1129 1009 897 793 710 877 777 729 692 717 795 874 993 1116 1146 1194 1268 1484 1699 1775 1685 1669 1663 1545 1527 1497 1507 1379 1456 1503 1569 1673 1806 1838 1944 2080 2124 1952 1637 1462 1285 1050 858 749 663 581 576 564 585 779 726 658 771 645 448 309 271 447 556 840 968 1035 1053 1072 1029 930 710 491 361 248 241 141 76 41 28
1199 1346 1291 1141 1085 1072 913 789 879 931 956 1030 1094 1198 1347 1462 1494 1454 1377 1245 1147 1027 928 827 720 666 792 672 633 756 847 923 950 977 1084 1228 1304 1375 1569 1732 1787 1661 1532 1553 1457 1454 1400 1370 1409 1514 1602 1658 1762 1878 1951 1999 2101 2050 1884 1544 1388 1195 916 873 829 731 689 519 447 452 571 545 557 675 670 505 345 230 379 471 665 817 914 907 944 911 849 685 541 416 309 119 76 48 31 26
1022 1108 1149 1004 905 938 834 735 808 877 982 1046 1140 1227 1322 1359 1316 1286 1322 1245 1066 941 851 728 629 656 669 582 603 727 835 937 1059 1130 1176 1253 1383 1437 1463 1593 1685 1626 1530 1441 1360 1295 1282 1310 1437 1490 1571 1651 1732 1813 1921 2064 2052 1886 1775 1526 1392 1231 1004 986 913 840 824 664 493 359 355 287 392 423 453 447 376 257 205 393 572 709 751 708 691 672 653 503 490 430 346 125 54 39 32 18
792 875 1044 915 773 812 763 682 754 872 1012 1133 1218 1208 1171 1193 1148 1107 1185 1227 1023 879 800 719 621 587 582 595 677 790 903 1000 1113 1222 1278 1324 1343 1298 1341 1502 1581 1485 1459 1370 1236 1280 1357 1441 1519 1550 1570 1635 1756 1877 1963 1987 1919 1764 1610 1489 1410 1269 1152 1104 1014 985 919 739 525 324 261 234 214 216 271 316 344 248 160 317 495 553 590 563 508 486 420 319 360 381 222 131 52 33 29 24
892 739 883 741 642 791 726 635 724 826 952 1130 1185 1059 1020 1025 920 932 1116 1119 1015 847 766 699 597 528 473 692 784 860 939 1057 1201 1291 1269 1214 1187 1238 1311 1439 1456 1347 1334 1234 1220 1345 1448 1533 1549 1491 1539 1613 1698 1908 1989 1871 1795 1702 1559 1383 1329 1323 1321 1225 1127 1097 914 727 523 337 278 306 275 255 194 170 170 141 162 256 416 466 491 468 406 390 293 198 246 221 163 71 29 27 26 23
923 807 751 745 752 637 632 585 679 799 910 1077 1070 957 879 904 769 906 1032 968 934 932 811 688 563 457 475 727 763 813 917 1034 1179 1209 1187 1131 1076 1324 1430 1427 1342 1251 1176 1150 1229 1312 1415 1511 1405 1293 1268 1425 1622 1774 1911 1856 1760 1630 1472 1426 1360 1416 1471 1379 1269 1095 932 742 549 437 361 354 377 367 310 241 186 129 138 195 329 366 368 337 298 292 179 121 180 123 123 43 31 29 27 23
1093 1004 909 892 965 784 705 607 564 669 842 984 954 872 771 760 695 912 871 756 853 920 823 689 547 417 617 671 692 828 927 941 1028 1034 1015 1012 1061 1329 1440 1372 1258 1143 1120 1247 1320 1344 1356 1351 1232 1131 1085 1244 1401 1471 1704 1832 1772 1657 1545 1514 1409 1470 1538 1489 1293 1042 880 723 616 432 416 452 484 460 381 307 231 174 112 130 171 268 265 254 208 162 100 81 149 89 71 34 31 31 29 22
1314 1182 1103 1049 1044 777 723 706 693 620 743 837 793 793 670 562 676 833 733 612 706 810 716 650 563 471 535 580 669 741 762 739 854 905 948 1048 1164 1302 1316 1325 1180 1070 1195 1319 1309 1223 1135 1128 1045 933 1058 1210 1327 1412 1511 1660 1759 1696 1639 1559 1468 1511 1594 1520 1306 1067 883 786 716 463 514 552 585 539 432 352 279 208 120 99 100 171 160 178 125 81 63 61 98 53 48 36 32 28 26 25
1418 1369 1283 1138 989 774 817 815 853 814 689 630 573 710 645 688 566 577 549 523 498 541 543 567 589 493 363 447 547 571 583 598 720 823 966 1058 1122 1061 1209 1296 1158 1024 1157 1253 1147 1028 912 911 872 921 1118 1317 1451 1568 1612 1676 1773 1779 1724 1617 1580 1617 1651 1505 1321 1132 978 870 740 553 607 638 665 602 488 397 317 233 173 90 91 86 93 105 77 69 62 60 55 48 46 36 32 30 31 29
1552 1480 1359 1181 974 917 946 960 1006 958 875 777 668 589 647 791 676 758 757 647 557 428 416 396 432 394 420 340 348 372 421 486 646 790 854 847 891 928 1170 1267 1134 978 1064 1138 1037 907 755 791 857 1002 1159 1366 1544 1668 1718 1746 1832 1884 1763 1732 1696 1707 1606 1465 1290 1153 1016 884 726 646 699 729 739 646 511 419 343 281 227 94 89 80 81 78 72 67 63 59 53 47 40 39 39 39 33 26
1552 1446 1313 1233 1070 948 1068 1144 1153 1068 969 876 776 694 728 892 802 907 934 849 721 660 610 488 476 451 529 463 451 363 319 414 611 693 657 648 676 857 1071 1123 1054 954 1051 1035 930 808 680 875 985 1134 1283 1426 1562 1686 1780 1859 1923 1952 1854 1809 1783 1710 1518 1338 1191 1041 918 807 738 747 783 811 779 634 502 411 359 323 257 139 147 94 76 76 72 65 59 53 51 49 43 41 40 34 31 29
1448 1307 1174 1106 994 1032 1121 1213 1269 1109 968 848 794 812 766 984 945 919 1015 1032 924 781 654 675 677 659 619 605 560 534 453 322 372 480 482 432 603 794 905 883 897 940 1040 947 797 661 682 930 1046 1181 1314 1415 1533 1662 1745 1838 1890 1857 1705 1652 1685 1707 1522 1340 1210 1045 948 884 844 847 873 888 781 607 504 441 410 361 274 215 209 149 102 70 65 61 58 58 57 53 42 40 40 36 33 31
1424 1284 1159 1055 1072 1161 1200 1268 1278 1109 948 851 914 957 822 1016 1105 1103 1125 1024 876 758 812 903 837 845 692 714 704 716 626 403 356 353 318 293 592 649 622 640 752 942 1076 955 778 622 578 793 926 1039 1204 1351 1442 1472 1517 1622 1652 1666 1464 1365 1386 1525 1511 1361 1221 1138 1049 995 925 934 958 931 738 602 537 481 433 367 294 304 269 175 94 68 69 65 66 59 55 49 45 43 40 37 32 30
1498 1316 1162 1057 1150 1278 1360 1387 1246 1084 958 952 1037 1067 894 975 1097 1228 1225 1051 873 864 968 1026 991 942 725 790 828 876 748 557 594 508 404 300 501 429 449 592 720 830 991 964 798 671 567 648 841 978 1092 1152 1234 1243 1367 1442 1533 1393 1193 1067 1188 1330 1421 1416 1335 1257 1151 1079 995 1012 1014 836 679 585 549 506 432 390 366 304 235 150 89 64 67 65 63 58 53 50 45 46 40 36 34 30
1512 1372 1233 1138 1204 1317 1428 1460 1287 1111 1013 1092 1170 1163 966 976 1091 1202 1280 1139 975 940 1049 1127 1111 840 774 840 936 1017 851 739 820 736 544 395 300 347 475 584 711 696 829 848 706 585 466 598 762 959 982 1016 1070 1165 1352 1460 1534 1175 978 913 1063 1161 1204 1312 1377 1316 1204 1156 1069 1012 894 772 665 583 533 475 390 394 364 219 157 105 64 60 59 60 59 56 53 46 46 44 41 35 31 30
1462 1361 1265 1130 1177 1281 1401 1487 1387 1232 1083 1123 1250 1177 989 1005 1117 1212 1313 1230 1118 1050 1052 1150 1171 907 845 916 1024 1081 959 935 940 794 648 563 323 262 294 346 538 541 609 724 629 470 375 694 819 894 812 875 1029 1183 1309 1422 1447 1032 836 776 886 949 1073 1201 1303 1322 1287 1225 1113 948 846 757 654 566 492 399 307 284 187 132 86 61 59 58 55 57 54 52 50 47 44 42 38 34 30 29
1387 1276 1182 1083 1205 1297 1366 1472 1503 1368 1185 1189 1284 1192 952 1022 1132 1236 1327 1304 1263 1207 1153 1172 1245 1009 941 991 1032 962 877 803 775 724 795 750 483 381 305 246 330 381 402 506 474 396 492 639 780 752 630 718 925 1105 1271 1372 1275 967 832 671 733 842 982 1089 1136 1189 1244 1275 1059 926 823 717 629 536 450 347 275 226 114 83 67 60 55 54 52 50 50 50 47 44 43 40 36 34 30 29
1294 1181 1146 1145 1264 1366 1448 1483 1560 1510 1309 1223 1322 1258 1022 1110 1178 1268 1373 1424 1396 1330 1294 1274 1302 1098 1053 1067 960 812 675 546 543 579 745 894 610 534 453 321 224 220 228 270 240 218 351 499 581 582 477 604 775 937 1090 1206 1139 827 703 570 640 755 894 967 1041 1142 1234 1297 1020 922 813 696 594 516 467 421 346 260 142 102 65 59 56 52 51 48 48 47 44 41 37 38 33 32 29 28
1248 1256 1286 1302 1284 1412 1519 1582 1608 1552 1427 1292 1353 1336 1074 1183 1278 1327 1405 1480 1504 1450 1405 1385 1353 1202 1183 1115 956 789 621 654 641 549 657 773 755 690 593 493 346 281 244 269 320 302 197 291 370 395 414 531 680 862 1010 1095 992 705 554 490 599 727 865 968 1069 1153 1230 1183 999 880 781 687 623 554 510 468 363 296 211 158 74 58 52 50 48 45 45 45 44 38 37 34 32 30 29 28
1308 1383 1448 1280 1288 1396 1505 1616 1641 1552 1453 1370 1405 1398 1169 1191 1313 1407 1468 1538 1594 1563 1516 1479 1398 1319 1248 1122 995 873 666 693 696 584 476 616 805 846 727 627 481 415 418 494 562 433 182 196 260 369 508 589 717 875 1029 1038 928 604 424 436 558 691 827 943 1039 1137 1235 1178 1038 921 825 755 691 597 551 473 413 370 234 160 103 59 48 46 45 43 43 45 43 37 32 32 31 30 30 27
1368 1476 1529 1444 1407 1379 1508 1650 1651 1590 1539 1435 1491 1434 1250 1277 1322 1438 1532 1596 1674 1666 1621 1559 1475 1342 1204 1070 959 834 684 639 769 735 575 504 694 900 891 750 622 540 607 608 500 356 198 172 234 409 567 639 746 883 972 877 762 410 365 476 583 700 807 902 1000 1094 1192 1151 1066 983 898 824 753 657 583 530 507 413 235 164 115 58 45 44 42 40 39 40 39 35 33 31 31 29 26 28
1410 1519 1557 1570 1614 1516 1537 1651 1664 1633 1568 1487 1545 1515 1368 1399 1397 1467 1568 1626 1631 1591 1539 1537 1470 1338 1178 984 858 754 636 695 807 762 561 460 673 771 869 838 752 677 633 453 278 210 291 193 183 333 465 494 650 766 836 775 428 323 354 445 548 653 768 861 965 1048 1064 981 985 999 955 889 794 690 642 631 527 410 234 176 118 53 42 43 39 37 37 36 39 37 34 31 29 27 27 27
1473 1607 1646 1623 1715 1623 1690 1737 1742 1686 1645 1559 1587 1590 1495 1532 1512 1526 1589 1575 1504 1447 1407 1398 1448 1391 1198 994 852 712 658 788 867 812 585 374 516 591 633 690 759 760 583 367 229 268 348 217 164 227 282 373 516 627 713 629 338 270 335 433 521 640 734 855 927 885 900 838 803 847 867 878 790 734 695 619 465 359 210 141 75 45 43 43 41 43 41 37 36 34 34 30 29 29 28 25
1575 1643 1759 1700 1806 1718 1771 1847 1793 1760 1729 1659 1658 1684 1629 1647 1642 1629 1565 1472 1396 1348 1288 1264 1383 1413 1243 1070 915 758 669 835 938 921 670 451 365 392 464 529 632 701 566 394 257 290 415 298 239 189 230 318 420 486 505 424 248 246 330 428 532 647 745 834 803 705 721 681 668 732 794 855 835 721 623 542 429 257 191 128 69 51 45 47 46 46 44 39 39 33 32 32 32 29 28 28
1694 1734 1833 1806 1863 1850 1813 1896 1874 1859 1820 1765 1744 1801 1795 1786 1759 1655 1543 1407 1288 1246 1182 1141 1340 1397 1306 1170 1012 848 693 757 918 971 806 572 463 371 330 403 490 495 516 470 335 424 498 417 370 189 189 227 229 264 265 237 185 258 339 423 515 614 717 734 654 556 574 555 613 700 773 849 799 674 582 501 402 238 160 123 85 58 48 48 48 47 45 40 36 33 32 31 31 30 27 27
1798 1823 1910 1909 1933 1991 1981 1984 1974 1951 1894 1851 1828 1766 1800 1754 1741 1676 1547 1423 1308 1209 1099 1058 1217 1214 1186 1092 1048 965 788 745 873 978 970 713 598 458 320 295 323 320 341 372 343 380 515 534 468 268 166 149 148 153 153 149 194 298 362 436 496 572 597 561 499 455 460 524 621 707 775 812 750 671 574 486 416 291 220 151 65 53 51 48 49 47 45 40 37 35 31 31 33 34 30 27
