code/windninja/converted/local_small.asc
ncols        67
nrows        67
xllcorner    339121.357319861185
yllcorner    2641958.613095536362
cellsize     231.927083333333
 897 793 710 877 863 777 729 692 795 874 993 1116 1146 1194 1268 1358 1467 1633 1813 1853 1760 1695 1685 1621 1528 1413 1462 1538 1579 1647 1738 1795 1936 2070 2055 1922 1797 1657 1538 1256 1077 914 816 760 798 684 689 808 853 887 842 605 420 302 323 447 556 674 840 968 1035 1072 1029 930 710 491 361
 827 720 666 792 712 672 633 847 923 950 977 1084 1228 1304 1375 1458 1484 1699 1685 1669 1663 1545 1527 1497 1507 1384 1379 1456 1503 1673 1806 1838 1944 2080 2124 1952 1794 1637 1462 1050 858 749 663 581 576 564 585 700 779 726 771 645 448 309 271 379 471 550 665 817 907 944 911 849 685 541 416
 728 629 656 669 582 582 603 835 937 1059 1130 1176 1253 1383 1437 1415 1569 1732 1661 1532 1553 1457 1454 1400 1370 1328 1409 1514 1602 1762 1878 1951 1999 2101 2050 1884 1724 1544 1388 916 873 829 731 689 519 447 452 527 571 545 675 670 505 345 230 288 393 489 572 709 708 691 672 653 503 490 430
 719 621 587 582 547 595 677 903 1000 1113 1222 1278 1324 1343 1294 1298 1341 1593 1626 1530 1441 1360 1295 1282 1310 1389 1437 1490 1651 1732 1813 1921 2064 2052 1886 1775 1671 1526 1392 1004 986 913 840 824 664 493 412 359 355 287 423 453 447 376 257 205 317 422 495 553 563 508 486 420 319 360 381
 699 597 528 473 581 692 784 939 1057 1201 1291 1269 1214 1187 1167 1238 1311 1502 1485 1459 1370 1236 1280 1357 1441 1511 1519 1550 1635 1756 1877 1963 1987 1919 1764 1610 1540 1489 1410 1152 1104 1014 985 919 739 525 372 324 261 234 216 271 316 344 248 160 253 354 416 466 468 406 390 293 198 246 221
 688 563 457 475 604 727 763 917 1034 1179 1209 1187 1131 1076 1166 1324 1430 1427 1347 1334 1234 1220 1345 1448 1533 1583 1549 1491 1613 1698 1908 1989 1871 1795 1702 1559 1468 1383 1329 1321 1225 1127 1097 914 727 523 415 337 278 275 255 194 170 170 141 162 256 286 329 366 337 298 292 179 121 180 123
 689 547 417 475 617 671 692 927 941 1028 1034 1015 1012 1061 1185 1329 1440 1258 1251 1176 1150 1229 1312 1415 1511 1463 1405 1293 1425 1622 1774 1911 1856 1760 1630 1538 1472 1426 1360 1471 1379 1269 1095 932 742 549 521 437 361 377 367 310 241 186 129 138 195 208 242 268 254 208 162 100 81 149 89
 650 563 471 411 535 580 669 762 739 854 905 948 1048 1164 1235 1302 1316 1180 1070 1120 1247 1320 1344 1356 1351 1298 1232 1131 1244 1401 1471 1704 1832 1772 1657 1594 1545 1514 1409 1538 1489 1293 1042 880 723 616 597 432 416 484 460 381 307 231 174 112 130 139 171 171 178 125 81 63 61 98 53
 567 589 493 384 363 447 547 583 598 720 823 966 1058 1122 1097 1061 1209 1158 1024 1195 1319 1309 1223 1135 1128 1145 1045 933 1210 1327 1412 1511 1660 1759 1696 1669 1639 1559 1511 1594 1520 1306 1067 883 786 716 587 463 514 585 539 432 352 279 208 120 96 99 100 95 105 77 69 62 60 55 48
 396 432 394 401 420 340 372 421 486 646 790 854 847 891 842 928 1170 1134 978 1064 1253 1147 1028 912 858 911 872 921 1317 1451 1568 1612 1676 1773 1779 1758 1724 1617 1617 1651 1505 1321 1132 978 870 740 567 553 607 665 602 488 397 317 233 173 112 90 91 86 78 72 67 63 59 53 47
 488 476 451 489 529 463 363 319 414 611 693 657 648 676 685 857 1071 1054 954 1051 1138 1037 907 755 727 791 857 1002 1366 1544 1668 1718 1746 1832 1884 1841 1763 1732 1707 1606 1465 1290 1153 1016 884 726 627 646 699 739 646 511 419 343 281 227 134 94 89 75 76 72 65 59 53 51 49
 675 677 659 583 619 605 534 453 322 372 480 482 432 479 603 794 905 897 940 1040 947 930 808 680 755 875 985 1283 1426 1562 1686 1780 1859 1923 1952 1910 1854 1809 1710 1518 1338 1191 1041 918 807 759 738 747 783 779 634 502 411 359 323 257 158 139 147 76 70 65 61 58 58 57 53
 903 837 845 748 692 714 716 626 403 356 353 318 293 411 592 649 622 752 942 1076 955 797 661 682 831 930 1046 1314 1415 1533 1662 1745 1838 1890 1857 1790 1705 1652 1707 1522 1340 1210 1045 948 884 886 844 847 873 781 607 504 441 410 361 274 203 215 209 102 73 69 65 66 59 55 54
 1026 991 942 829 725 790 876 748 557 594 508 404 300 352 501 429 449 720 830 991 964 798 622 578 670 793 926 1204 1351 1442 1472 1517 1622 1652 1666 1575 1464 1365 1525 1511 1361 1221 1138 1049 995 980 925 934 931 738 602 537 481 433 367 294 276 304 269 94 68 67 65 63 58 53 51
 1127 1111 978 840 774 840 1017 851 739 820 736 544 395 296 300 347 584 711 696 829 848 706 671 567 512 648 841 1092 1152 1234 1243 1367 1442 1533 1556 1393 1193 1067 1330 1421 1416 1335 1257 1151 1079 1030 995 1012 836 679 585 549 506 432 390 366 355 304 235 89 64 63 60 59 56 53 48
 1150 1171 1077 907 845 916 1081 959 935 940 794 648 563 478 323 262 346 538 541 609 724 629 470 466 464 598 762 982 1016 1070 1165 1352 1460 1534 1370 1175 978 913 1161 1204 1312 1377 1316 1204 1156 1113 1069 1012 772 665 583 533 475 390 394 364 290 219 157 64 60 59 57 54 52 50 49
 1172 1245 1155 1009 941 991 962 877 803 775 724 795 750 654 483 381 246 330 381 402 506 474 396 375 517 694 819 812 875 1029 1183 1309 1422 1447 1231 1032 836 886 949 1073 1201 1303 1322 1287 1225 1180 1113 948 757 654 566 492 399 307 284 264 187 132 86 59 58 55 53 50 50 47 45
 1274 1302 1185 1098 1053 960 812 675 546 543 579 745 894 772 610 534 321 224 220 228 270 240 218 240 492 639 780 630 718 925 1105 1271 1372 1275 1100 967 832 733 842 982 1089 1136 1189 1244 1275 1234 1059 926 717 629 536 450 347 275 226 168 114 83 67 55 54 52 50 48 47 44 44
 1385 1353 1235 1202 1183 956 789 621 654 641 549 657 773 739 755 690 493 346 281 244 269 320 302 199 351 499 581 477 604 775 937 1090 1206 1139 958 827 703 640 755 894 967 1041 1142 1234 1297 1216 1020 922 696 594 516 467 421 346 260 191 142 102 59 56 52 51 48 45 45 44 40
 1479 1398 1313 1319 1248 995 873 666 693 696 584 476 487 616 805 846 627 481 415 418 494 562 433 258 197 291 395 414 531 680 862 1010 1095 992 854 705 554 599 727 865 968 1069 1153 1230 1299 1183 999 880 687 623 554 510 468 363 296 243 211 158 58 52 50 48 45 45 45 43 39
 1559 1475 1412 1342 1204 959 834 684 639 769 735 575 436 504 694 900 750 622 540 607 608 500 356 221 198 196 369 508 589 717 875 1029 1038 928 791 604 424 558 691 827 943 1039 1137 1235 1295 1178 1038 921 755 691 597 551 473 413 370 298 234 160 59 48 46 45 43 43 42 42 39
 1537 1528 1470 1338 1178 858 754 636 695 807 762 561 405 460 673 771 838 752 677 633 453 278 210 259 291 172 409 567 639 746 883 972 877 762 611 410 365 583 700 807 902 1000 1094 1192 1237 1151 1066 898 824 753 657 583 530 507 413 313 235 164 58 45 44 42 40 39 40 40 39
 1398 1403 1448 1391 1198 852 712 658 788 867 812 585 380 374 516 633 690 759 760 583 367 229 268 339 348 217 333 465 494 650 766 836 775 582 428 323 354 548 653 768 861 965 1048 1064 1057 981 985 955 889 794 690 642 631 527 410 316 234 176 53 42 43 39 37 37 36 34 35
 1264 1286 1383 1413 1243 915 758 669 835 938 921 670 516 451 365 464 529 632 701 566 394 257 290 408 415 298 227 282 373 516 627 713 629 515 338 270 335 521 640 734 855 927 885 900 887 838 803 867 878 790 734 695 619 465 359 282 210 141 45 43 43 41 43 41 37 35 36
 1141 1219 1340 1397 1170 1012 848 693 757 918 971 806 682 572 463 330 403 490 495 516 470 335 284 424 498 417 189 230 318 420 486 505 424 357 248 246 428 532 647 745 834 803 705 721 697 681 668 794 855 835 721 623 542 429 327 257 191 128 51 45 47 46 46 44 39 38 39
 1058 1179 1217 1214 1092 1048 965 788 745 873 978 970 888 713 598 320 295 323 320 341 372 343 271 380 515 534 268 189 227 229 264 265 237 196 185 258 423 515 614 717 734 654 556 574 580 555 613 773 849 799 674 582 501 402 317 238 160 123 58 48 48 48 47 45 40 40 36
 965 1017 1006 1040 908 858 895 896 721 762 806 909 986 852 678 383 359 350 331 325 279 335 303 337 445 551 359 297 149 148 153 153 149 141 194 298 436 496 572 597 561 499 455 460 472 524 621 775 812 750 671 574 486 416 351 291 220 65 53 51 48 49 47 45 40 38 37
 936 926 913 906 866 938 909 854 868 775 741 777 917 932 769 455 466 456 407 382 334 426 478 443 501 562 461 459 219 220 228 200 174 157 143 213 322 389 455 430 404 367 368 407 484 562 626 769 715 620 563 523 452 380 355 267 178 54 53 52 48 49 49 45 42 41 41
 1057 1063 1041 1083 1047 1087 983 810 870 945 889 755 893 989 937 549 564 546 470 406 361 470 575 541 587 661 586 590 517 375 343 286 220 173 138 134 214 275 315 297 279 285 368 445 499 573 636 698 615 537 445 401 374 283 251 201 116 57 56 56 53 50 48 46 45 42 44
 1116 1180 1191 1267 1249 1234 1044 874 825 891 924 757 818 911 922 731 688 621 537 468 375 483 608 636 654 764 709 693 609 460 414 356 296 225 143 130 146 165 195 205 249 320 396 472 532 568 604 571 524 471 400 308 259 226 179 141 73 60 59 58 54 51 49 48 46 43 41
 1184 1278 1348 1404 1335 1229 1113 1018 967 800 814 747 777 842 1033 917 785 668 630 602 438 430 556 679 745 847 775 735 675 600 482 426 368 261 168 134 128 138 155 244 313 373 433 493 514 546 463 437 408 367 325 281 204 148 123 89 68 64 61 58 55 54 52 50 46 44 43
 1267 1385 1492 1491 1212 1113 1010 939 878 856 920 835 853 884 1064 1022 840 734 729 666 468 508 594 690 792 941 862 786 757 670 547 488 398 273 231 200 127 123 132 212 322 397 439 468 495 513 352 299 277 268 201 196 159 101 84 75 72 67 65 60 57 55 52 50 48 44 42
 1311 1462 1536 1274 1187 1077 991 1012 972 993 1039 1019 966 1007 1093 1059 904 843 821 662 480 562 666 739 809 1007 949 852 803 709 618 494 377 317 314 220 200 129 121 136 228 318 339 421 470 394 239 201 163 180 129 97 90 86 79 77 73 69 64 63 60 56 54 51 49 48 46
 1383 1495 1505 1223 1118 1022 1079 1160 1190 1173 1149 1225 1193 1148 1154 1143 1014 950 842 649 517 566 680 788 876 1031 1033 928 845 752 644 509 421 414 356 301 264 164 120 115 123 179 244 309 363 295 142 118 105 100 93 90 88 83 82 79 74 70 66 63 60 56 53 52 50 47 45
 1443 1549 1486 1182 1064 1092 1194 1278 1355 1386 1326 1326 1377 1295 1222 1260 1097 952 812 688 590 564 695 799 887 1057 1105 1045 937 829 680 553 490 396 335 344 294 188 130 118 114 112 138 162 195 158 105 101 97 95 91 89 86 83 80 77 76 69 67 63 61 58 56 52 50 47 45
 1492 1585 1474 1152 1068 1169 1268 1355 1437 1498 1529 1540 1546 1441 1310 1298 1125 954 853 793 626 609 730 839 1014 1101 1162 1115 957 806 654 588 463 424 378 345 252 154 133 127 114 110 107 105 107 108 108 105 100 97 93 91 87 85 80 77 73 69 67 64 62 59 56 54 49 46 44
 1524 1592 1474 1172 1120 1149 1287 1408 1509 1577 1638 1643 1659 1517 1368 1314 1133 979 917 870 704 644 760 862 1064 1175 1245 1124 951 854 769 698 535 441 382 320 198 133 131 130 127 122 112 104 102 103 101 101 100 97 94 90 87 84 82 80 74 72 70 67 63 59 59 55 51 48 45
 1508 1605 1495 1206 1164 1223 1279 1398 1507 1614 1715 1777 1723 1429 1419 1260 1102 1000 987 950 767 697 788 913 1137 1261 1323 1204 1048 950 823 660 594 458 456 313 185 136 135 155 136 124 118 109 101 99 98 98 95 94 93 90 86 84 81 79 75 72 69 64 62 58 56 54 50 48 46
 1519 1620 1535 1247 1226 1336 1406 1465 1557 1625 1705 1809 1826 1565 1448 1234 1124 1070 1091 970 809 782 843 958 1202 1328 1365 1245 1069 936 777 682 694 608 527 317 201 143 139 165 184 126 120 112 104 96 93 93 93 91 89 89 88 84 82 80 73 71 68 65 62 60 56 54 51 48 45
 1570 1631 1539 1264 1293 1390 1510 1594 1647 1696 1758 1823 1891 1634 1453 1288 1207 1235 1192 1038 887 879 924 1021 1258 1388 1356 1214 1051 932 837 774 679 528 491 270 186 154 146 153 208 168 136 122 106 95 93 90 88 89 88 87 86 85 82 81 74 70 67 63 60 57 55 52 50 48 45
 1637 1670 1431 1302 1301 1382 1490 1615 1709 1764 1855 1912 1962 1656 1501 1387 1311 1333 1213 1048 942 961 1022 1094 1357 1425 1376 1254 1097 961 809 683 541 441 265 219 176 163 152 144 167 219 226 209 155 95 92 88 85 85 85 85 82 80 78 76 69 68 64 64 60 57 56 53 53 48 46
 1687 1722 1510 1333 1338 1359 1477 1598 1697 1814 1924 1992 2053 1715 1614 1522 1437 1318 1135 1072 1049 1066 1109 1163 1425 1447 1321 1188 1035 866 687 562 458 383 299 213 214 168 148 142 143 212 297 308 239 96 90 88 85 83 83 83 80 79 75 74 68 67 64 61 60 57 55 53 50 47 42
 1711 1787 1543 1351 1392 1427 1469 1580 1667 1805 1959 2070 2140 1818 1733 1640 1505 1290 1152 1184 1203 1220 1235 1230 1438 1396 1231 1066 932 849 732 639 544 458 292 265 275 192 142 140 141 187 264 319 302 133 96 89 83 81 80 78 81 78 76 73 69 67 65 62 59 56 55 52 49 48 43
 1748 1825 1533 1385 1480 1555 1533 1633 1735 1848 1958 2110 2220 1947 1855 1741 1559 1319 1208 1268 1331 1352 1372 1333 1425 1300 1128 957 797 706 625 546 474 393 307 342 303 219 146 140 140 156 247 338 361 213 171 144 120 84 77 77 79 78 75 70 69 65 65 61 59 57 54 52 50 48 42
 1804 1820 1480 1421 1520 1633 1615 1689 1784 1905 2017 2144 2257 2029 1918 1792 1590 1385 1290 1325 1424 1472 1488 1407 1371 1194 1059 921 798 694 562 488 433 399 406 359 244 205 142 140 140 143 209 314 396 282 225 197 194 153 111 80 74 72 71 67 65 64 62 60 59 57 54 52 47 45 42
 1880 1786 1555 1538 1510 1640 1708 1738 1840 1881 2003 2119 2168 1986 1848 1697 1550 1434 1410 1374 1432 1506 1577 1450 1319 1149 1005 827 706 605 598 602 536 504 405 301 204 161 140 140 140 141 175 253 345 364 310 277 246 191 125 80 73 72 68 62 62 61 59 58 57 55 54 52 49 46 42
 1968 1824 1668 1653 1548 1648 1765 1854 1911 1926 2021 2131 2127 1942 1731 1614 1523 1515 1510 1413 1405 1477 1557 1402 1217 1026 873 763 711 717 721 702 607 512 314 239 176 148 140 140 140 148 209 288 432 453 387 336 257 172 95 76 74 71 68 64 63 59 57 55 53 53 51 50 48 46 41
 2003 1725 1717 1671 1633 1697 1814 1946 2012 2041 2078 2156 2139 1956 1749 1710 1653 1629 1598 1478 1404 1456 1523 1358 1188 1022 934 848 847 856 819 682 531 404 215 175 156 149 141 141 146 185 276 357 475 475 376 283 191 109 74 73 71 72 68 64 63 61 57 53 51 49 46 44 42 43 39
 2055 1833 1807 1765 1747 1748 1870 2011 2117 2154 2188 2205 2202 1985 1790 1775 1777 1764 1646 1525 1432 1428 1471 1410 1242 1123 1034 972 971 875 751 603 456 245 183 165 153 148 159 194 189 238 304 427 496 429 324 246 148 82 69 69 70 70 68 65 63 60 56 56 53 48 46 44 40 38 37
 2120 1944 1938 1902 1880 1848 1922 2062 2179 2244 2289 2300 2168 2008 1850 1846 1904 1887 1715 1592 1477 1460 1486 1346 1223 1072 1003 1024 996 829 666 480 344 207 175 203 150 141 160 261 299 321 345 418 531 403 288 195 108 68 69 68 67 67 66 63 62 60 58 53 52 52 50 46 42 35 32
 2042 2055 2062 2055 2011 1954 1967 2088 2208 2311 2372 2380 2191 2072 1899 1877 1976 1880 1676 1653 1581 1488 1283 1222 1091 903 823 902 933 816 603 431 324 195 200 238 148 131 164 266 345 401 444 479 506 372 242 145 71 66 66 66 66 66 65 61 59 57 55 54 51 49 49 45 44 38 32
 1902 2106 2176 2204 2130 2094 2055 2109 2194 2275 2377 2408 2184 2018 1929 1918 1854 1702 1549 1570 1559 1457 1137 1055 949 797 684 758 817 700 520 424 324 200 237 266 164 123 149 225 310 365 434 511 427 305 181 90 62 63 61 63 62 62 59 58 56 55 54 53 50 48 46 43 42 38 33
 1760 2003 2079 2109 2002 1945 1955 2002 2116 2216 2265 2316 2192 2065 1938 1759 1587 1455 1340 1365 1436 1347 1013 887 805 702 597 626 639 522 412 359 280 263 302 304 195 118 130 203 286 346 410 494 331 219 123 63 59 61 60 61 60 57 58 56 54 54 51 51 48 47 44 44 41 36 34
 1714 1919 1853 1886 1850 1807 1855 1928 2006 2093 2177 2295 2192 1986 1793 1643 1451 1243 1172 1261 1343 1222 907 785 719 640 549 489 489 402 338 303 265 299 356 297 195 122 119 167 232 330 392 423 224 154 79 55 57 58 56 58 58 55 56 53 52 51 50 49 46 45 44 42 40 35 33
 1676 1761 1669 1678 1732 1730 1790 1835 1935 2068 2179 2201 2134 1888 1719 1560 1363 1180 1083 1182 1271 1161 936 845 762 661 563 485 441 398 360 300 260 361 365 288 204 125 110 132 178 297 369 263 190 108 61 55 55 54 55 54 54 55 54 53 50 50 48 45 44 43 41 39 37 33 30
 1553 1608 1535 1582 1625 1675 1683 1778 1877 1943 1996 2150 2048 1804 1611 1436 1244 1133 1017 1108 1197 1222 1039 943 804 679 583 541 484 368 282 255 274 393 345 271 185 113 102 101 144 227 314 248 175 109 53 53 54 52 52 52 52 52 50 50 48 48 46 44 42 41 40 37 37 32 30
 1399 1451 1470 1538 1531 1547 1578 1675 1734 1772 1856 2102 2011 1734 1476 1305 1153 1041 942 1026 1118 1212 1071 983 844 724 623 502 413 295 324 330 415 380 302 227 157 99 97 96 123 203 275 160 107 61 48 49 51 51 52 51 50 49 47 46 46 46 43 43 42 40 39 37 37 34 29
 1349 1416 1519 1526 1540 1570 1622 1648 1698 1768 1856 2018 1879 1635 1373 1241 1132 970 870 949 1013 1098 906 817 722 620 482 344 322 338 394 427 419 347 286 205 137 95 91 96 133 205 257 98 54 46 46 48 48 49 48 48 48 48 46 46 44 44 43 40 39 38 36 35 33 30 27
 1339 1446 1499 1555 1629 1657 1689 1738 1803 1864 1920 1929 1690 1516 1346 1208 1057 851 798 839 918 892 758 634 568 509 385 362 396 427 477 518 380 316 253 189 138 106 86 89 119 184 220 62 40 42 46 46 48 46 44 44 45 46 45 42 39 40 41 39 38 35 34 34 31 29 26
 1316 1439 1531 1587 1599 1694 1761 1802 1857 1933 2004 1796 1544 1421 1290 1178 1054 866 731 762 896 775 630 530 451 397 365 431 477 512 545 508 363 318 246 199 149 125 84 102 138 190 193 41 40 41 42 43 44 44 43 43 45 45 41 39 38 38 39 36 35 34 32 32 29 28 26
 1331 1457 1556 1661 1697 1707 1791 1875 1925 2003 1971 1723 1563 1447 1313 1207 1084 895 725 648 748 656 553 466 421 418 436 500 559 583 543 444 363 301 248 194 151 134 89 95 136 179 202 40 40 41 40 43 44 41 46 41 42 45 41 37 37 36 36 34 34 32 32 29 28 28 26
 1213 1369 1527 1684 1794 1809 1854 1922 1984 2056 1915 1717 1595 1455 1306 1181 1063 886 781 675 579 550 463 447 494 506 533 574 626 599 479 362 330 284 221 169 140 106 80 98 133 166 199 44 41 39 41 41 42 40 41 38 38 41 39 36 36 35 34 33 31 30 30 28 25 24 24
 1114 1236 1405 1603 1777 1895 1953 1996 2041 2070 1902 1712 1549 1430 1290 1167 1014 934 837 708 607 496 483 522 548 581 615 643 668 573 448 372 254 220 175 142 113 83 81 80 87 107 155 70 45 41 40 39 39 40 39 39 38 36 35 33 33 32 32 31 30 28 28 28 23 22 19
 1194 1249 1364 1514 1670 1801 1944 2055 2103 2139 1899 1752 1608 1447 1234 1095 937 855 758 683 624 520 547 595 624 675 701 717 699 580 461 344 192 178 141 104 105 121 134 129 119 71 117 96 54 45 41 37 36 38 38 37 37 34 34 32 31 31 31 29 29 26 26 24 19 18 16
 1270 1352 1439 1561 1712 1802 1904 2010 2116 2145 1834 1698 1581 1382 1222 1081 985 931 810 732 664 559 598 652 700 732 664 637 654 569 409 213 159 118 104 116 158 161 159 156 142 89 58 55 49 46 42 38 37 36 35 33 35 33 31 30 29 29 28 27 25 22 21 21 16 16 20
 1325 1419 1506 1617 1774 1863 1932 1983 2033 1917 1745 1669 1495 1290 1173 1095 1024 935 842 753 676 648 656 698 675 526 430 438 485 493 384 185 130 112 163 166 164 128 111 86 62 55 51 52 50 48 43 40 37 35 33 33 34 29 30 28 28 27 26 26 24 22 20 19 18 22 28
 1325 1475 1572 1653 1703 1695 1731 1812 1870 1812 1537 1468 1329 1167 1051 1011 953 871 791 734 708 730 714 640 527 413 323 275 284 285 267 140 121 136 215 198 128 89 63 46 46 49 45 48 49 44 42 41 38 36 32 32 31 28 31 28 26 25 25 24 22 20 19 20 23 30 78
