code/windninja/converted/local_new.asc
ncols        138
nrows        140
xllcorner    333853.158677786472
yllcorner    2629569.053044748027
cellsize     231.927083333334
NODATA_value  -32768
[rows 92 to 137 of 140, columns 0 to 95 of 138]
1256 1328 1339 1248 1277 1227 1205 1433 1493 1359 1250 1136 949 774 618 494 587 709 770 823 1006 1071 1123 1186 1238 1270 1319 1370 1393 1343 1204 1104 1010 897 798 756 722 735 705 497 434 495 584 622 524 416 320 243 274 365 496 486 482 479 463 399 312 230 147 84 47 41 39 37 38 38 35 37 35 32 34 34 32 32 32 32 32 29 28 28 32 40 47 56 70 89 124 164 219 263 266 333 308 252 225 182
1212 1198 1107 1078 997 1058 1142 1356 1454 1380 1284 1184 1023 858 717 566 464 516 628 751 953 1057 1140 1210 1261 1319 1366 1411 1423 1302 1205 1093 993 880 854 790 686 630 598 491 460 415 390 439 421 326 279 273 349 437 514 455 411 382 344 284 206 154 97 62 45 40 38 37 37 35 37 35 33 36 36 33 33 34 34 33 33 29 27 29 36 41 51 59 72 94 138 222 246 331 324 336 308 152 149 127
990 947 977 935 856 936 1014 1288 1359 1375 1299 1257 1146 939 824 685 483 416 614 752 899 935 1078 1201 1281 1347 1400 1448 1400 1309 1220 1087 973 927 882 795 702 670 626 553 511 463 408 353 319 312 340 377 415 481 380 328 296 262 237 186 113 59 41 41 40 39 38 38 38 36 36 37 37 37 35 33 34 34 33 33 31 30 29 33 42 47 63 69 79 113 160 197 307 402 383 311 246 154 110 127
760 866 819 762 795 868 940 1147 1230 1319 1365 1337 1225 1025 850 655 476 565 656 750 881 954 1008 1104 1245 1344 1396 1426 1383 1302 1205 1085 1008 978 898 818 746 707 667 632 569 502 458 425 415 415 437 468 472 394 269 214 190 163 154 101 54 42 41 43 41 40 38 38 38 40 38 38 37 36 36 35 35 34 35 32 31 29 32 39 50 57 108 122 110 134 233 258 293 403 394 306 214 141 179 217
662 763 696 751 844 917 1058 1111 1190 1290 1377 1382 1226 1060 865 648 500 531 641 772 884 1010 1068 1100 1172 1237 1246 1303 1253 1226 1193 1108 1070 968 885 830 768 708 704 715 628 574 538 518 499 500 487 416 349 283 150 116 95 78 69 45 43 42 42 41 41 40 39 38 39 37 38 38 36 37 35 35 34 36 36 32 31 30 39 44 61 94 126 169 183 187 220 322 377 420 361 271 197 263 288 226
482 580 653 734 851 952 1122 1192 1194 1236 1337 1373 1209 1035 857 681 555 445 598 753 840 929 1134 1151 1142 1111 1127 1187 1111 1107 1172 1143 1085 1000 928 861 780 727 767 734 671 629 609 611 589 530 419 334 274 127 64 54 48 45 45 43 45 43 43 42 41 41 40 40 37 39 39 40 37 38 37 36 36 36 34 31 30 34 47 58 71 112 153 203 246 259 308 370 423 436 339 268 309 344 289 194
461 482 553 653 789 868 1010 1062 1070 1188 1332 1398 1249 1047 861 706 623 374 483 568 667 798 1034 1029 967 955 1019 1032 1015 1062 1167 1204 1134 1056 973 882 803 791 835 757 718 693 687 665 557 455 372 270 199 68 50 48 47 47 47 46 46 45 46 42 42 40 40 39 40 40 39 37 38 38 38 38 37 35 33 31 35 42 62 84 100 144 212 281 308 318 383 424 394 408 381 333 307 339 260 206
485 450 445 482 542 665 907 930 1043 1178 1327 1407 1293 1099 913 773 669 386 410 534 653 723 743 846 820 869 938 900 944 1035 1138 1233 1181 1094 1011 916 854 867 875 810 778 757 687 558 451 372 280 237 171 56 50 49 50 49 47 48 47 46 45 45 43 41 40 41 40 41 40 39 40 39 39 38 37 35 32 34 40 63 97 133 143 189 220 306 333 356 419 407 313 292 321 303 190 266 249 176
648 538 435 426 469 605 816 896 1003 1144 1293 1334 1213 1104 971 844 677 384 362 413 543 662 741 746 775 811 820 842 966 1022 1099 1208 1207 1141 1056 964 925 936 879 831 784 702 574 466 364 282 208 146 113 54 52 51 52 54 53 50 50 49 46 45 44 43 41 40 41 42 41 41 40 41 40 38 35 34 34 40 73 107 157 156 171 248 267 323 391 420 411 345 252 208 256 254 124 165 216 156
753 650 473 422 438 541 772 895 1011 1135 1247 1200 1064 937 815 682 593 446 353 291 360 495 602 652 799 802 841 922 974 1045 1107 1144 1104 1107 1074 1002 1006 955 736 677 625 557 489 414 334 223 130 76 65 54 53 53 54 56 55 53 53 49 48 47 45 44 43 42 42 41 41 43 42 41 39 36 35 35 35 47 71 100 115 145 155 282 298 360 435 401 333 259 206 162 180 191 222 176 128 97
814 738 570 441 417 529 760 907 1007 1056 1032 1010 870 754 608 461 346 373 421 334 280 339 346 438 729 803 902 942 986 1019 1027 1009 1015 1033 1064 1073 1005 837 613 563 508 417 363 327 249 184 103 70 62 57 57 57 57 57 55 56 54 52 51 48 47 46 45 45 43 41 42 42 40 41 38 37 35 36 39 44 59 74 112 182 201 321 341 413 407 313 252 199 158 167 265 354 323 221 125 100
848 668 543 414 414 466 603 721 807 776 729 768 734 597 459 356 310 282 324 279 260 259 253 274 401 712 783 822 878 890 918 928 988 1026 1065 1048 944 763 574 475 385 331 296 238 164 127 93 76 65 61 60 58 59 57 57 58 56 54 53 50 48 46 45 44 43 42 42 43 42 42 38 36 36 40 40 43 53 67 141 192 189 331 359 398 326 260 207 168 199 274 388 465 337 244 147 136
835 651 489 442 463 394 399 516 586 564 542 636 631 476 372 314 372 293 272 271 302 277 249 247 270 530 577 695 744 807 869 902 945 1004 1008 958 881 701 487 398 327 254 210 176 140 117 94 78 70 63 64 62 61 59 59 59 57 57 55 52 49 48 46 43 43 43 43 44 43 44 37 37 39 41 42 46 63 98 125 150 241 355 388 350 278 230 193 181 251 383 450 418 393 266 142 189
808 664 486 484 580 493 422 389 413 399 428 456 523 458 363 313 437 386 347 362 395 352 292 249 249 335 452 684 769 851 925 971 968 931 960 942 810 693 485 387 302 235 194 160 130 108 93 83 66 66 64 66 64 62 60 59 57 58 57 54 52 50 47 46 44 43 43 46 47 44 41 41 42 42 45 54 80 145 192 225 312 406 374 330 311 271 221 229 297 377 398 342 241 199 175 219
781 599 477 576 685 673 588 395 361 351 357 349 352 377 330 329 497 500 485 490 490 443 388 305 238 269 414 643 793 893 974 976 878 814 904 885 771 587 493 406 307 231 202 189 149 103 89 80 70 68 67 68 66 63 63 63 61 60 58 55 55 52 49 47 45 44 45 47 47 41 43 44 42 43 49 64 96 150 197 272 368 430 385 391 358 286 228 284 405 426 422 337 273 276 259 169
776 584 499 604 710 747 675 499 442 397 448 446 415 396 353 393 550 605 604 601 573 517 450 361 264 233 340 664 773 859 945 911 804 721 789 824 742 559 480 386 308 275 274 242 179 98 83 79 73 72 72 70 68 67 66 65 64 60 61 56 55 53 50 47 46 47 46 47 44 40 45 44 45 51 63 76 108 170 219 288 469 476 440 415 358 277 292 412 502 482 455 347 398 337 229 108
793 589 525 641 717 823 774 616 541 466 517 564 530 499 432 447 600 674 714 703 642 580 497 399 314 234 361 548 637 756 829 773 725 649 681 712 718 561 487 426 386 359 342 272 185 133 93 79 78 78 77 75 73 72 69 67 65 63 62 58 56 55 53 49 48 48 46 47 44 42 46 47 49 63 74 90 125 168 221 282 470 501 437 412 377 366 412 512 490 444 404 239 298 318 186 73
765 558 591 700 803 941 872 720 663 576 570 661 650 589 496 482 635 718 790 777 702 624 533 441 338 240 288 394 549 650 683 623 596 666 689 708 727 588 523 477 448 436 378 304 235 161 91 82 82 81 79 77 75 73 72 70 67 65 63 59 58 57 54 50 51 49 47 47 43 45 49 54 81 107 110 113 143 163 221 311 537 496 441 437 375 375 481 505 416 392 410 193 188 255 157 51
745 571 651 750 859 1024 981 811 758 686 654 731 761 692 572 611 686 745 834 836 745 651 555 454 355 246 218 245 485 566 551 496 529 689 714 709 712 634 576 535 508 439 367 302 220 127 86 85 85 83 83 80 78 77 76 72 71 68 65 62 59 58 53 51 49 48 48 46 44 47 66 90 95 114 116 131 168 188 231 300 539 480 484 394 310 347 441 467 367 269 316 165 170 214 113 26
736 607 706 811 976 1093 1087 912 838 793 768 809 840 747 622 646 724 789 857 882 773 626 512 400 317 242 210 212 338 404 425 436 549 625 698 748 733 675 599 522 444 348 252 211 160 104 89 89 88 87 85 83 81 79 77 74 73 70 66 63 60 59 56 53 51 49 49 47 44 59 115 116 115 176 164 152 160 202 280 350 527 524 482 369 301 292 383 391 270 198 256 126 161 134 60 7
711 643 776 886 990 1073 1141 1045 948 913 885 902 907 812 690 702 766 843 912 921 782 642 517 440 352 269 209 205 234 382 395 421 523 614 645 676 700 645 531 424 345 259 171 143 103 92 94 93 92 90 89 87 84 82 79 77 74 73 68 63 62 58 57 55 52 50 49 48 46 69 97 93 119 191 227 203 218 282 325 407 552 544 423 326 274 250 343 380 268 196 172 103 148 93 20 0
689 705 820 917 1062 1117 1187 1177 1100 1030 1000 1002 976 900 761 779 849 909 977 970 818 684 573 496 414 308 212 203 200 300 357 379 437 508 481 460 508 585 497 390 296 224 172 117 99 98 98 99 96 95 92 90 88 86 83 79 76 74 68 65 62 60 60 57 54 52 49 49 46 53 68 83 134 192 228 267 233 297 385 451 579 487 369 298 248 233 320 429 369 266 193 83 135 84 10 0
695 761 863 914 1080 1168 1236 1267 1260 1164 1101 1094 1052 953 834 847 921 973 1034 999 832 709 636 560 453 345 222 212 197 194 239 287 332 360 339 337 461 506 486 399 313 252 191 114 101 102 104 102 100 99 96 93 92 90 86 83 78 75 70 68 65 62 60 56 55 53 52 49 46 53 86 104 140 193 235 316 303 295 345 488 501 420 310 271 242 229 340 425 356 333 151 73 115 79 6 0
719 808 926 935 1082 1160 1244 1330 1391 1307 1215 1175 1092 1013 902 918 974 1035 1081 1005 853 769 686 606 494 388 263 214 203 192 191 222 233 226 254 285 385 429 463 417 346 280 206 129 103 106 109 105 105 101 98 96 93 91 87 83 80 77 71 69 66 63 59 58 57 55 54 49 46 58 89 122 162 197 262 376 392 349 416 555 426 370 311 258 211 243 353 360 250 288 126 84 55 28 2 0
768 836 981 1016 1047 1146 1227 1332 1457 1415 1325 1256 1167 1091 976 989 1042 1101 1128 1006 902 823 722 628 527 340 260 218 199 193 188 185 184 183 204 234 320 369 351 321 316 310 244 167 112 112 117 108 106 102 101 99 95 92 87 83 80 78 72 68 66 64 63 61 59 57 55 52 49 58 94 158 230 276 366 399 404 390 474 490 383 338 272 223 201 284 375 288 193 245 192 158 109 17 0 0
883 855 891 1025 1093 1161 1224 1306 1434 1518 1442 1354 1247 1148 1028 1077 1124 1179 1166 1034 921 816 704 620 555 361 328 271 211 192 187 183 180 176 174 204 289 285 212 185 178 217 242 216 162 132 120 110 108 106 103 100 97 94 89 86 83 78 73 70 67 66 63 63 62 59 57 54 50 62 100 142 216 310 393 409 428 467 542 463 320 333 267 204 209 331 378 254 168 136 155 136 55 3 0 0
994 881 836 964 1181 1218 1264 1325 1422 1540 1531 1401 1312 1198 1119 1164 1208 1247 1213 1066 955 849 737 679 613 457 396 317 251 202 187 183 180 176 171 168 176 171 158 151 148 147 170 208 152 124 120 115 112 108 105 102 99 95 89 87 84 79 74 72 69 68 66 65 63 61 57 55 51 72 138 222 251 300 400 420 457 534 524 410 261 252 215 178 235 383 442 345 248 146 82 102 15 0 0 0
987 856 903 1099 1185 1247 1306 1372 1459 1558 1564 1475 1340 1220 1212 1244 1290 1319 1263 1115 1005 882 805 767 684 533 457 365 297 242 201 183 178 175 171 167 160 156 152 149 146 143 155 144 130 128 125 116 113 107 106 101 98 93 90 86 84 78 76 74 72 70 68 66 62 60 58 56 53 80 146 201 317 309 376 439 474 525 490 324 191 166 151 182 267 391 418 332 267 189 58 27 0 0 0 0
975 958 996 1073 1104 1186 1290 1398 1501 1602 1596 1468 1364 1306 1292 1319 1359 1382 1283 1175 1059 953 887 836 747 595 510 429 359 302 273 196 175 172 170 167 158 153 150 149 144 141 138 133 130 131 126 117 112 109 106 103 98 94 91 89 87 81 78 75 73 71 69 66 64 62 59 56 57 123 245 280 359 419 421 443 463 469 431 250 143 129 180 234 370 486 385 269 201 140 24 0 0 0 0 0
1097 1085 1101 1191 1192 1203 1325 1406 1488 1597 1624 1517 1454 1396 1368 1395 1417 1360 1204 1056 1069 987 916 878 822 646 563 491 410 353 288 216 174 169 167 164 157 153 150 148 144 141 137 133 130 127 118 115 111 108 107 103 100 96 95 91 88 82 80 77 75 72 69 67 64 60 59 56 61 130 260 361 396 439 479 470 445 427 410 223 124 161 191 222 329 465 424 317 252 197 3 0 0 0 0 0
1151 1207 1176 1252 1299 1299 1337 1415 1502 1580 1652 1629 1562 1475 1428 1455 1336 1182 1011 901 920 868 789 741 749 552 534 479 382 312 242 193 169 168 165 157 156 153 148 145 142 138 136 132 128 127 119 117 113 110 106 103 100 98 95 91 88 83 82 79 76 73 70 67 63 61 59 56 70 135 231 356 392 430 466 456 435 368 338 215 127 134 144 193 275 388 333 247 186 39 0 0 0 0 0 0
1194 1270 1294 1297 1301 1362 1427 1468 1532 1625 1706 1709 1666 1563 1443 1341 1190 1054 925 792 706 649 623 521 420 362 349 329 301 269 236 176 165 164 166 158 155 152 148 146 143 139 136 132 128 126 120 117 114 110 106 103 99 98 93 92 88 83 80 77 74 71 68 67 65 62 59 56 82 140 249 338 396 430 430 407 363 284 253 188 108 86 116 183 295 385 336 263 184 8 0 0 0 0 0 0
1192 1296 1374 1431 1394 1352 1421 1512 1599 1681 1760 1768 1714 1571 1280 1161 1080 935 830 730 614 539 493 479 377 319 272 232 208 232 207 163 158 161 161 157 156 154 147 144 142 139 135 132 129 125 118 114 111 109 106 103 100 97 94 90 88 81 78 75 72 71 69 66 64 61 58 56 85 157 223 266 353 425 447 403 343 296 233 180 123 76 102 162 240 274 323 249 123 3 0 0 0 0 0 0
1249 1306 1394 1549 1499 1439 1446 1510 1605 1690 1775 1755 1578 1257 1146 1037 940 835 710 645 628 591 578 564 450 386 325 273 195 176 168 162 149 155 156 157 153 149 146 141 137 137 134 132 129 127 116 114 111 109 105 101 100 97 93 91 88 81 78 76 73 71 68 64 62 59 56 65 105 172 213 311 368 440 439 391 382 363 259 188 122 69 89 129 182 170 207 165 105 0 0 0 0 0 0 0
1328 1357 1491 1607 1632 1552 1531 1566 1620 1667 1740 1665 1488 1215 1127 1037 926 815 762 736 720 692 673 641 463 381 271 227 187 190 235 228 164 147 149 152 152 146 143 140 135 133 132 129 127 123 116 114 110 106 104 102 99 98 93 90 87 80 78 76 73 71 68 64 62 59 57 84 130 211 301 356 394 405 375 341 320 276 198 149 102 65 70 127 144 124 140 122 67 0 0 0 0 0 0 0
1438 1457 1572 1662 1729 1674 1639 1644 1673 1714 1775 1683 1498 1275 1175 1057 940 880 862 833 808 778 718 621 427 342 279 237 252 277 315 290 210 151 142 144 146 143 138 136 132 131 129 127 125 123 114 112 109 106 103 102 100 98 92 89 83 81 79 75 73 70 67 65 63 57 58 120 172 223 319 392 417 358 320 262 240 207 138 115 87 51 73 99 107 94 98 116 78 0 0 0 0 0 0 0
1530 1551 1650 1729 1808 1790 1739 1753 1780 1805 1841 1701 1538 1330 1218 1103 1005 982 949 899 813 698 588 486 354 315 253 235 319 366 379 322 243 166 140 140 139 136 134 133 129 128 125 122 119 114 114 110 106 104 102 100 97 95 91 90 83 80 77 75 72 69 67 65 62 59 58 153 230 308 348 382 376 346 274 211 179 164 104 85 76 50 55 72 95 73 77 100 106 0 0 0 0 0 0 0
1517 1556 1674 1739 1761 1806 1816 1825 1871 1907 1914 1750 1611 1397 1290 1194 1112 1043 941 843 733 626 545 494 400 332 230 267 371 440 422 342 266 183 142 129 130 134 131 129 126 123 122 119 117 111 110 108 105 103 101 97 95 94 92 89 83 80 77 75 74 70 68 64 63 61 60 141 216 311 400 371 314 293 242 208 174 154 117 139 116 72 41 48 58 52 79 113 103 0 0 0 0 0 0 0
1584 1619 1627 1671 1685 1738 1788 1834 1863 1919 1929 1766 1624 1415 1300 1191 1129 1053 946 856 756 683 607 532 330 264 274 291 351 438 445 358 282 209 135 130 126 129 126 125 122 121 117 116 113 111 109 106 102 100 98 95 94 92 91 87 81 80 76 74 74 71 68 66 63 61 68 149 215 322 387 350 316 243 179 188 187 156 156 156 128 101 48 36 33 39 69 104 88 0 0 0 0 0 0 0
1644 1698 1707 1734 1746 1778 1828 1881 1915 1854 1735 1625 1488 1259 1156 1086 977 892 845 852 743 602 478 325 319 341 332 327 363 428 458 370 281 224 131 129 127 123 118 121 119 116 113 112 110 107 105 103 102 98 95 93 91 89 88 86 83 79 75 74 71 70 70 66 63 61 66 139 203 331 375 327 280 208 160 136 144 119 126 135 91 73 68 53 27 34 61 121 6 0 0 0 0 0 0 0
1600 1662 1819 1845 1848 1855 1892 1909 1809 1647 1530 1422 1216 1132 1003 977 916 795 708 617 532 443 374 401 420 401 349 395 434 472 455 364 279 201 128 128 125 122 119 116 113 112 112 109 107 104 102 99 97 96 92 91 90 86 86 85 80 78 75 73 71 68 65 64 62 61 66 169 267 366 354 292 231 157 133 114 105 75 83 102 113 94 56 34 23 24 40 83 4 0 0 0 0 0 0 0
1531 1603 1816 1846 1865 1897 1924 1831 1670 1531 1367 1260 1082 978 859 794 759 634 556 529 490 449 430 503 504 438 376 427 510 519 431 332 259 193 126 123 122 119 117 115 111 108 107 106 104 102 100 97 95 92 91 88 87 85 84 81 78 76 74 72 69 66 64 62 61 61 92 213 341 366 295 241 211 200 182 160 126 106 79 65 101 105 80 45 22 26 21 48 0 0 0 0 0 0 0 0
1506 1757 1824 1887 1894 1882 1849 1708 1571 1452 1318 1181 941 806 729 665 630 625 617 631 594 533 517 589 561 476 418 477 568 512 407 309 216 155 128 121 118 116 115 116 112 108 104 101 101 98 97 94 92 91 89 87 86 83 81 78 76 74 73 70 66 63 63 62 63 74 152 254 379 371 294 244 220 213 220 195 182 154 114 73 59 75 64 38 19 24 15 10 0 0 0 0 0 0 0 0
1513 1769 1843 1914 1956 1958 1810 1696 1588 1447 1294 1153 933 876 803 707 720 745 725 726 688 619 600 659 597 532 481 513 592 502 408 313 232 197 124 127 123 112 111 108 109 105 101 98 98 95 92 91 90 88 88 85 83 81 80 76 74 71 67 62 64 66 65 63 70 103 197 296 397 367 281 222 178 149 171 153 180 187 163 112 76 41 36 25 16 20 28 28 0 0 0 0 0 0 0 0
1559 1665 1729 1826 1885 1938 1856 1740 1607 1455 1317 1200 1021 941 844 763 817 851 838 815 782 722 694 717 647 590 537 572 615 519 423 340 297 260 141 172 129 110 109 105 107 104 101 98 94 91 90 89 89 86 84 83 80 79 79 74 70 67 66 66 66 67 66 69 94 139 258 380 379 307 231 201 183 143 128 108 136 153 149 125 85 57 30 22 37 87 97 45 0 0 0 0 0 0 0 0
1470 1551 1671 1717 1777 1892 1899 1772 1641 1518 1374 1267 1088 989 888 848 904 938 927 896 857 805 786 780 710 658 621 654 658 557 466 393 333 214 189 191 121 106 106 105 102 101 99 97 92 90 88 87 86 84 82 80 79 78 76 72 66 67 69 68 69 70 75 93 129 175 333 442 410 308 192 169 191 187 153 109 99 106 101 77 62 38 37 53 77 138 101 60 0 0 0 0 0 0 0 0
