code/windninja/converted/output_NASADEM.asc
ncols        53
nrows        53
xllcorner    346115.620511925546
yllcorner    2645254.507895327639
cellsize     30.000000000000
 584 595 601 606 607 608 610 606 595 584 572 560 552 542 530 520 518 513 510 505 502 503 498 493 493 491 494 499 502 501 499 498 496 481 469 452 433 418 407 401 392 367 346 336 329 317 303 278 265 253 241 228 217
 601 610 615 621 623 623 622 618 607 597 587 575 568 561 547 536 531 527 519 514 514 514 513 506 504 505 510 514 512 512 512 500 481 466 450 442 422 413 401 390 378 362 346 334 320 310 293 272 263 254 242 228 218
 618 620 625 633 637 639 635 630 623 614 601 584 579 573 562 557 549 544 529 523 521 522 523 517 515 516 522 524 521 520 513 496 471 455 446 434 421 411 390 375 367 360 339 327 304 298 285 271 260 245 232 224 214
 636 637 638 643 648 651 649 645 638 633 621 606 595 587 584 582 564 554 543 535 532 530 534 531 523 524 527 527 526 518 499 482 462 447 435 426 418 408 381 365 361 349 336 315 302 290 277 267 253 235 226 218 205
 651 649 651 657 662 663 662 661 651 645 638 626 612 603 598 590 574 567 556 551 548 545 543 541 536 535 532 528 522 504 484 464 449 436 427 414 409 397 373 360 342 332 321 306 296 286 273 262 246 231 220 210 197
 663 666 671 678 679 677 676 671 662 653 650 636 623 615 607 597 581 573 569 565 563 560 557 548 545 542 534 528 515 495 471 458 438 426 416 406 394 379 362 348 328 309 299 289 285 276 270 258 240 228 220 206 195
 680 683 690 691 694 694 695 685 678 673 659 648 633 625 615 606 591 584 580 578 573 572 565 548 536 529 525 518 499 470 452 436 425 411 399 391 374 359 347 336 318 290 283 281 276 271 265 250 234 229 220 210 197
 697 698 700 702 702 707 707 705 711 698 679 667 653 642 627 619 602 594 592 585 575 564 555 538 517 512 502 486 469 453 433 419 406 394 382 370 352 343 335 326 305 283 273 269 267 263 257 244 228 219 212 206 194
 711 713 718 719 722 722 719 720 721 714 694 680 664 653 647 629 611 597 595 583 565 548 545 528 512 495 479 457 443 434 421 407 390 371 363 350 335 329 327 315 294 277 264 256 256 252 246 232 220 211 203 196 183
 728 731 732 738 744 745 737 725 723 715 700 685 666 656 645 627 611 589 575 566 537 523 517 510 489 473 452 438 427 415 404 389 360 347 331 324 312 311 311 297 282 267 252 241 242 239 233 223 212 207 197 185 178
 745 748 750 755 760 759 749 730 718 706 701 687 671 653 634 626 610 576 558 542 521 501 498 480 464 446 428 418 407 397 383 367 349 327 314 305 296 291 281 276 268 253 234 225 222 222 221 214 207 201 185 174 165
 765 768 768 772 769 767 754 736 710 701 693 682 662 637 621 614 585 553 545 529 507 493 480 461 444 428 411 396 383 374 363 353 335 312 304 297 285 270 261 260 254 239 221 211 206 202 203 202 196 189 175 164 159
 784 780 780 774 770 765 750 724 706 695 676 656 641 619 605 584 557 535 530 505 492 476 463 444 431 419 395 378 367 351 343 334 322 304 297 293 275 256 247 245 238 226 213 201 195 188 188 185 183 179 170 161 158
 803 792 788 779 773 765 743 724 700 674 657 644 622 604 589 560 536 522 512 494 475 461 449 431 414 392 378 370 353 337 325 316 309 297 291 286 262 241 233 229 225 217 204 191 185 183 181 176 174 169 165 160 158
 821 809 802 788 783 773 751 732 687 658 646 630 613 598 575 539 517 509 493 476 459 451 435 414 393 376 363 344 334 327 312 300 293 288 276 261 242 226 219 215 211 203 192 182 179 178 178 175 170 165 161 158 157
 832 822 809 796 791 784 774 721 680 646 631 614 601 582 555 533 511 500 483 464 455 439 419 407 388 364 349 329 319 314 299 283 279 271 253 240 223 212 207 201 192 188 182 177 174 174 174 172 167 162 159 158 157
 842 831 820 800 795 783 751 691 657 639 623 603 586 571 553 534 510 494 476 456 443 427 419 407 383 358 336 323 313 297 279 269 265 251 232 227 210 202 200 193 185 182 178 176 174 172 170 168 164 160 158 157 156
 843 839 815 797 761 762 703 674 625 624 612 599 584 568 552 536 506 485 461 446 434 416 412 403 378 354 328 317 298 279 264 256 247 235 227 221 209 200 196 192 186 182 181 177 172 170 167 164 160 158 157 156 155
 837 829 813 785 741 718 684 676 622 613 609 601 579 556 546 530 492 473 441 434 422 407 402 393 370 345 318 308 289 269 260 248 234 227 221 217 211 200 194 190 186 182 181 176 170 167 166 162 158 157 157 156 156
 829 825 807 783 746 714 681 662 635 632 608 587 573 550 535 503 485 471 438 425 419 406 394 378 363 341 307 300 290 272 259 243 226 218 214 211 205 196 189 187 183 179 178 174 170 166 164 160 158 157 156 156 157
 818 814 792 770 742 714 679 654 632 619 605 593 572 550 529 502 483 463 442 433 417 404 389 367 352 318 299 295 291 271 252 235 223 213 211 204 200 191 186 184 179 174 173 169 166 164 161 159 157 155 154 155 157
 798 797 776 755 733 709 675 654 632 605 599 580 564 542 527 501 480 459 440 423 408 394 383 364 341 322 304 295 285 264 245 239 227 218 211 206 201 193 186 181 175 171 168 161 159 160 159 155 154 153 153 153 153
 772 760 759 738 725 694 668 652 627 593 580 565 546 521 503 489 476 453 426 413 395 384 378 365 346 328 318 287 277 263 247 242 231 220 214 208 204 195 186 180 172 161 162 157 156 157 158 155 154 154 154 150 150
 744 731 722 714 692 678 659 630 594 583 569 550 532 499 475 472 462 441 425 404 387 377 372 360 344 331 316 286 271 263 248 239 225 217 214 207 201 191 183 176 165 156 155 157 156 160 164 164 162 160 156 151 147
 727 715 702 697 685 660 631 596 578 571 551 533 512 480 461 446 433 423 409 392 375 368 362 351 335 323 316 284 267 259 246 231 215 212 207 203 197 185 178 174 164 155 157 160 162 165 170 170 170 166 163 151 147
 714 700 691 687 658 633 601 574 561 552 535 514 490 463 452 427 408 396 391 378 360 353 349 341 328 313 299 279 263 258 247 230 215 208 203 198 190 179 173 171 162 158 162 166 169 170 170 170 168 167 165 157 149
 707 685 679 660 628 605 584 564 549 532 522 486 458 439 432 417 388 373 365 354 343 335 331 328 321 307 291 275 264 256 248 228 214 207 196 190 184 174 169 167 164 162 168 174 175 174 172 171 169 167 167 163 151
 709 686 669 643 612 589 576 559 535 509 504 451 429 410 405 390 371 352 341 332 323 312 307 307 311 302 289 280 259 251 240 221 208 204 191 185 181 171 167 167 165 167 172 178 178 178 177 176 173 171 171 165 155
 708 672 662 634 609 579 563 536 516 501 471 433 410 392 375 362 354 340 326 315 303 294 289 290 293 289 283 272 248 236 225 210 203 196 185 181 176 167 163 163 166 170 175 179 180 179 181 181 181 179 174 169 156
 691 665 648 612 574 551 526 510 496 477 439 403 392 378 358 350 338 325 310 299 289 284 278 274 275 269 267 253 231 222 210 202 200 191 178 174 168 161 159 162 166 173 178 185 187 189 189 189 187 182 174 166 155
 720 668 658 620 528 528 511 500 473 453 430 393 386 372 357 345 328 310 299 291 281 277 269 262 254 249 247 233 216 214 200 197 196 190 176 169 164 160 160 164 170 177 184 194 200 202 201 197 190 181 171 160 149
 708 666 658 595 519 519 511 498 475 445 426 405 388 369 356 337 314 302 295 291 281 272 258 252 243 237 229 219 211 209 198 194 193 187 177 169 164 161 163 173 181 188 196 209 215 219 213 201 190 178 169 156 144
 721 649 611 511 513 512 504 489 458 439 428 406 379 366 351 326 314 305 301 297 285 271 258 247 237 229 219 210 207 206 199 192 187 182 173 169 165 164 173 184 194 201 213 224 229 231 223 210 194 176 163 152 142
 713 641 561 502 505 499 490 467 448 433 421 396 374 365 346 322 319 313 305 301 290 273 265 250 237 229 219 209 206 205 200 191 185 179 170 167 167 169 179 190 200 211 221 232 237 236 230 219 199 177 158 150 139
 701 627 543 506 503 496 485 467 444 425 412 396 382 365 346 328 325 317 308 303 294 283 276 260 246 238 230 216 208 205 199 190 184 178 170 168 168 173 182 196 209 220 232 241 246 242 231 216 201 182 160 150 142
 699 540 560 514 510 500 484 464 444 423 406 395 386 366 345 331 329 323 311 306 295 286 281 268 258 254 236 222 214 205 198 190 183 178 172 169 169 175 187 202 217 230 238 247 250 246 231 215 201 184 164 152 143
 684 539 534 519 518 499 478 460 446 416 401 388 375 361 344 330 327 321 311 302 292 282 275 269 264 251 232 222 217 208 200 190 181 175 170 168 171 178 192 208 222 231 239 247 253 247 233 217 200 183 160 150 141
 568 558 542 519 513 487 470 455 437 412 400 376 360 353 339 320 319 309 298 293 286 274 267 260 255 246 231 222 217 209 202 189 180 172 168 170 174 184 196 209 221 231 242 251 256 248 234 216 200 178 157 150 139
 563 555 531 516 496 471 457 447 431 414 396 367 355 344 325 315 305 295 286 281 268 261 256 249 243 238 229 221 214 207 199 187 179 173 170 173 179 187 197 209 219 233 248 257 261 250 232 215 201 183 165 150 138
 553 548 529 515 490 462 452 443 432 410 375 355 345 332 323 318 302 290 282 273 259 253 249 243 237 234 228 220 211 204 194 184 179 175 175 177 182 188 194 208 219 237 253 262 262 250 233 219 209 193 172 154 143
 542 536 523 512 487 464 450 440 429 396 362 340 337 327 327 323 309 295 291 276 263 256 248 240 234 230 225 220 212 203 188 181 176 176 178 179 181 190 201 213 225 243 258 266 265 253 236 224 215 199 178 163 152
 538 534 522 502 480 461 448 439 425 399 370 348 343 338 331 330 318 310 306 287 266 258 249 241 232 226 220 215 210 199 186 178 175 176 180 182 188 199 213 219 235 251 265 274 271 260 244 232 219 202 183 170 161
 539 536 524 499 477 455 446 439 421 408 384 363 355 346 337 330 325 324 313 290 269 258 251 242 234 226 217 211 208 197 185 179 177 177 181 185 193 206 217 229 242 259 273 277 275 264 247 237 221 205 188 176 168
 536 532 520 503 481 454 447 432 412 406 389 373 360 349 343 334 329 323 309 293 269 262 256 245 235 229 219 211 205 196 186 182 179 178 179 189 199 209 221 231 246 259 274 280 278 263 246 235 223 208 192 183 172
 536 532 520 505 484 466 454 432 412 406 394 376 359 353 349 337 329 315 302 289 270 263 258 243 234 227 220 207 199 192 187 183 182 182 185 195 207 216 228 240 252 265 277 283 280 268 254 244 225 207 195 187 171
 528 527 517 501 488 473 460 433 418 410 397 375 359 354 351 334 323 309 296 288 272 262 253 241 233 225 216 202 192 188 185 186 185 186 191 204 213 221 233 243 253 267 282 286 284 274 262 246 225 211 198 183 164
 521 516 508 495 480 472 454 433 419 411 401 375 360 351 343 325 314 303 294 284 271 257 249 240 232 220 210 197 188 184 187 191 191 196 204 215 219 224 234 245 256 270 283 289 288 279 261 244 228 215 200 180 159
 512 509 505 491 479 474 459 438 411 408 397 378 363 345 331 314 303 295 284 277 263 252 244 238 226 209 202 195 186 187 194 199 204 214 222 225 228 231 239 253 264 275 287 292 293 284 267 247 231 224 205 182 159
 497 497 500 491 478 472 459 442 406 399 393 385 362 342 331 307 297 289 277 264 255 246 241 234 216 200 197 192 190 199 205 212 228 234 233 234 236 239 247 259 270 280 291 295 293 286 272 259 252 242 225 193 176
 483 488 485 474 464 454 446 426 402 394 387 378 363 344 331 311 296 285 268 255 248 244 236 226 209 198 193 193 203 218 224 236 249 251 244 240 242 248 254 265 277 288 296 300 290 279 275 271 264 259 235 212 191
 476 481 464 450 437 433 430 409 392 386 379 370 359 344 323 309 294 282 264 246 241 234 225 215 205 195 194 199 210 224 237 249 260 262 254 247 250 254 265 274 286 298 306 307 293 282 282 278 267 253 240 216 200
 458 456 441 429 416 416 406 388 378 375 370 357 355 340 310 297 286 277 259 240 233 222 215 208 200 194 197 203 213 226 243 257 263 268 264 260 261 268 277 284 294 307 317 318 304 293 287 279 265 251 244 230 206
 433 427 422 410 407 399 382 370 363 360 352 346 347 331 305 290 276 260 239 230 222 213 207 203 198 198 203 209 218 234 255 264 270 276 276 276 277 281 290 298 306 320 329 328 315 300 291 278 265 251 245 234 215
