code/windninja/converted/test.asc
ncols        26
nrows        26
xllcorner    348177.441489856516
yllcorner    2642310.026250491850
cellsize     30.000000000000
 90 100 108 119 127 130 133 136 135 133 132 131 137 145 154 163 168 170 173 180 186 189 192 197 202 200
 90 96 102 109 117 120 127 130 133 133 130 130 136 143 152 162 168 168 167 170 173 176 179 183 190 192
 88 92 95 99 104 107 109 117 123 126 127 129 135 142 149 158 164 160 156 156 156 161 168 172 178 184
 87 88 88 90 92 94 97 103 111 115 119 125 131 137 141 147 148 146 145 144 145 151 157 165 167 175
 82 81 80 80 79 81 86 90 96 100 107 117 120 126 130 130 129 129 132 131 131 138 146 154 161 166
 75 73 71 68 66 71 76 75 80 87 95 100 104 113 115 115 115 116 117 114 117 127 136 147 153 158
 69 67 64 62 63 67 70 69 72 80 83 85 89 95 99 104 106 109 109 108 109 119 128 135 142 149
 67 65 62 64 67 70 68 67 68 72 73 75 79 84 87 92 97 101 104 101 102 110 118 125 131 138
 73 68 69 76 83 83 79 74 70 67 66 68 73 76 79 82 87 92 92 92 96 104 110 116 121 126
 83 77 82 89 95 96 93 86 77 71 65 65 65 69 71 74 76 82 83 85 92 97 105 110 114 118
 90 87 91 96 102 105 104 97 88 77 71 66 63 63 66 68 72 73 72 75 81 87 95 103 107 112
 100 102 103 110 116 119 117 109 101 90 81 71 64 62 64 67 68 66 65 66 70 75 85 93 98 105
 110 112 114 118 127 132 130 124 115 105 96 84 74 70 69 68 64 60 58 60 63 65 74 80 87 96
 120 120 121 128 134 137 137 132 123 116 109 100 89 83 79 69 62 56 56 56 59 63 68 74 80 87
 127 125 126 131 135 138 140 137 126 116 112 106 98 92 86 74 61 56 55 54 55 57 62 68 71 77
 134 132 132 134 135 138 143 143 131 118 110 106 101 95 90 80 67 61 56 52 52 52 54 58 61 67
 144 141 140 137 137 141 147 150 147 132 120 112 103 100 96 85 73 64 55 53 52 50 50 52 55 60
 157 155 149 143 142 150 153 157 161 153 144 130 116 105 98 90 76 65 58 56 55 51 49 49 52 55
 169 165 161 150 151 159 164 163 170 162 153 144 131 115 105 96 82 66 60 59 56 54 50 49 51 54
 169 167 165 162 162 171 173 176 173 167 159 153 142 130 116 106 91 75 65 59 58 56 52 50 50 52
 163 164 165 167 169 173 176 175 168 162 157 152 147 134 122 112 99 87 73 65 60 56 54 52 52 50
 159 159 161 164 166 168 167 160 156 152 146 142 137 129 119 107 98 90 81 73 62 56 54 55 54 50
 156 154 152 154 155 154 149 145 143 139 134 131 128 120 109 101 93 86 81 73 63 56 54 56 55 52
 151 145 144 141 139 136 133 128 123 121 118 113 112 109 101 93 87 80 75 67 60 56 54 54 54 52
 141 136 132 128 124 122 118 112 106 101 97 95 90 91 87 84 79 71 65 60 57 55 54 53 52 51
 133 129 123 116 112 107 103 100 95 87 86 80 76 73 71 72 71 64 59 56 54 53 52 51 51 50
