code/windninja/wind/LiYu1km_60_3_30m_ang.asc
ncols	26
nrows	26
xllcorner	348177.441490
yllcorner	2642310.026250
cellsize	30.000000
NODATA_value	-32768.000000
 56 54 52 51 50 50 49 50 50 50 50 49 48 47 48 49 50 49 48 48 48 49 50 52 57 59
 56 54 52 51 50 50 49 50 50 50 50 49 48 47 48 49 50 49 48 48 48 49 50 52 57 59
 55 55 53 52 51 51 51 51 51 51 50 49 49 48 49 50 51 50 49 49 49 50 52 54 59 61
 55 56 56 55 55 55 54 54 54 53 52 51 51 51 52 53 53 52 52 52 52 54 56 59 63 64
 56 57 58 59 59 59 59 58 57 56 55 54 54 54 55 56 56 55 55 55 56 57 60 62 65 66
 57 58 60 62 63 63 64 63 62 61 59 58 58 58 59 59 59 59 58 58 58 60 62 64 66 67
 59 60 62 64 66 67 68 68 68 66 65 64 63 63 62 62 62 61 61 60 60 62 64 66 67 68
 60 61 63 66 68 70 72 72 72 71 70 69 68 67 65 64 63 63 62 62 62 64 66 67 68 68
 62 62 64 66 69 72 74 75 75 75 73 72 71 69 68 66 65 64 63 62 63 65 67 68 69 69
 63 63 64 65 68 71 73 75 76 76 75 74 73 71 70 69 67 66 64 63 64 65 67 68 69 69
 63 63 63 65 67 69 71 74 75 76 76 75 74 73 72 71 70 68 66 65 64 65 66 67 68 68
 63 63 63 64 66 68 70 71 73 74 75 75 75 74 73 72 71 69 67 66 66 66 67 67 67 67
 63 63 62 63 64 66 68 69 70 71 72 73 74 74 74 73 72 70 68 68 67 67 67 68 67 67
 63 62 62 62 63 64 65 66 67 67 68 69 71 72 73 72 71 70 68 68 68 68 68 68 68 67
 63 63 62 62 63 63 64 65 65 65 65 65 66 68 70 71 70 68 68 67 67 67 68 68 67 67
 64 63 63 63 63 63 64 65 65 65 65 64 65 66 67 68 67 67 66 66 66 67 67 67 66 66
 64 64 64 63 62 62 63 64 65 65 65 65 64 64 65 65 64 64 64 65 65 66 66 66 65 65
 65 65 64 62 61 62 62 62 63 63 64 64 64 63 63 63 62 61 62 62 64 64 65 65 64 63
 64 63 62 60 59 60 61 61 60 60 59 60 60 60 61 60 60 59 59 60 61 62 62 62 62 62
 62 61 59 57 57 58 59 59 58 57 56 56 56 56 57 57 57 56 57 58 59 60 60 60 60 60
 60 59 57 56 56 57 57 57 56 55 54 53 53 53 53 53 53 53 54 55 57 57 58 58 59 59
 59 58 56 55 56 56 57 56 56 54 53 53 52 51 51 50 50 50 51 53 54 55 56 57 58 58
 59 58 57 57 57 58 58 57 56 55 54 54 53 52 51 50 50 50 50 51 52 53 55 56 57 57
 59 59 59 59 60 60 60 59 58 57 56 55 54 53 52 51 50 50 50 51 51 52 54 56 57 57
 59 60 61 62 62 63 62 62 61 60 59 58 57 55 53 52 52 51 51 51 52 53 55 56 57 58
 60 61 62 63 64 64 64 63 63 63 62 61 60 58 56 54 53 52 52 52 53 54 55 57 58 59
