code/windninja/wind/LiYu1km_60_3_30m_vel.asc
ncols	26
nrows	26
xllcorner	348177.441490
yllcorner	2642310.026250
cellsize	30.000000
NODATA_value	-32768.000000
 3.37 3.48 3.64 3.74 3.80 3.85 3.89 3.91 3.91 3.88 3.87 3.89 3.94 3.97 3.99 3.98 3.94 3.90 3.90 3.93 3.95 3.95 3.92 3.86 3.77 3.73
 3.37 3.48 3.64 3.74 3.80 3.85 3.89 3.91 3.91 3.88 3.87 3.89 3.94 3.97 3.99 3.98 3.94 3.90 3.90 3.93 3.95 3.95 3.92 3.86 3.77 3.73
 3.23 3.32 3.47 3.57 3.66 3.72 3.77 3.83 3.86 3.85 3.83 3.82 3.83 3.85 3.87 3.90 3.89 3.84 3.82 3.83 3.87 3.90 3.90 3.88 3.87 3.87
 3.06 3.11 3.19 3.27 3.35 3.41 3.48 3.60 3.70 3.73 3.71 3.67 3.65 3.64 3.66 3.73 3.76 3.72 3.64 3.61 3.64 3.72 3.81 3.90 4.04 4.10
 3.03 3.04 3.07 3.10 3.13 3.16 3.20 3.30 3.42 3.49 3.51 3.50 3.48 3.48 3.50 3.55 3.59 3.58 3.52 3.46 3.47 3.58 3.75 3.95 4.17 4.26
 3.07 3.06 3.04 3.02 3.01 3.02 3.03 3.05 3.12 3.18 3.24 3.28 3.30 3.34 3.38 3.41 3.44 3.43 3.40 3.35 3.36 3.49 3.71 3.97 4.25 4.37
 3.15 3.13 3.08 3.03 2.99 2.98 2.95 2.89 2.89 2.94 2.99 3.03 3.09 3.19 3.27 3.32 3.33 3.34 3.31 3.25 3.27 3.42 3.67 3.97 4.29 4.43
 3.28 3.24 3.16 3.11 3.06 3.02 2.95 2.83 2.77 2.80 2.82 2.84 2.90 3.00 3.11 3.19 3.24 3.28 3.25 3.19 3.20 3.37 3.63 3.94 4.30 4.46
 3.44 3.37 3.27 3.25 3.23 3.15 3.01 2.84 2.74 2.70 2.69 2.70 2.76 2.85 2.94 3.03 3.12 3.19 3.20 3.15 3.18 3.35 3.61 3.92 4.29 4.46
 3.57 3.48 3.38 3.40 3.42 3.34 3.16 2.94 2.76 2.65 2.60 2.60 2.65 2.73 2.80 2.87 2.97 3.06 3.09 3.09 3.16 3.34 3.60 3.91 4.26 4.43
 3.67 3.57 3.48 3.52 3.57 3.53 3.35 3.10 2.85 2.67 2.56 2.52 2.55 2.61 2.69 2.75 2.83 2.90 2.94 2.98 3.10 3.30 3.58 3.90 4.22 4.38
 3.72 3.64 3.55 3.61 3.69 3.68 3.53 3.28 3.00 2.75 2.59 2.50 2.47 2.52 2.60 2.67 2.72 2.76 2.78 2.85 2.98 3.19 3.50 3.84 4.17 4.32
 3.75 3.68 3.61 3.68 3.78 3.80 3.69 3.47 3.19 2.93 2.72 2.55 2.47 2.48 2.55 2.60 2.63 2.64 2.66 2.73 2.86 3.06 3.37 3.73 4.10 4.27
 3.75 3.70 3.64 3.70 3.81 3.87 3.82 3.63 3.39 3.14 2.93 2.72 2.57 2.54 2.56 2.56 2.54 2.54 2.58 2.66 2.77 2.95 3.23 3.59 3.99 4.18
 3.75 3.69 3.62 3.66 3.79 3.90 3.92 3.77 3.53 3.31 3.13 2.95 2.78 2.70 2.65 2.56 2.48 2.48 2.53 2.61 2.72 2.89 3.14 3.47 3.86 4.05
 3.77 3.69 3.58 3.60 3.72 3.88 3.98 3.90 3.64 3.37 3.21 3.08 2.95 2.86 2.78 2.63 2.48 2.46 2.51 2.58 2.69 2.83 3.05 3.36 3.72 3.91
 3.82 3.71 3.55 3.53 3.64 3.82 3.99 4.00 3.78 3.45 3.22 3.09 3.00 2.95 2.89 2.73 2.56 2.49 2.51 2.58 2.68 2.79 2.97 3.24 3.57 3.75
 3.88 3.76 3.55 3.48 3.57 3.77 3.96 4.05 3.94 3.64 3.35 3.15 3.02 2.98 2.96 2.83 2.65 2.55 2.56 2.63 2.72 2.80 2.92 3.14 3.43 3.58
 3.89 3.79 3.59 3.48 3.55 3.74 3.92 4.03 4.03 3.86 3.62 3.39 3.19 3.07 3.02 2.93 2.75 2.62 2.61 2.70 2.78 2.84 2.92 3.08 3.30 3.42
 3.81 3.78 3.68 3.56 3.60 3.76 3.90 4.00 4.03 4.00 3.88 3.72 3.51 3.31 3.19 3.09 2.91 2.73 2.69 2.76 2.85 2.91 2.96 3.06 3.21 3.30
 3.68 3.70 3.71 3.65 3.66 3.77 3.88 3.95 4.01 4.06 4.04 3.97 3.84 3.65 3.49 3.37 3.19 2.98 2.86 2.86 2.92 2.99 3.03 3.08 3.17 3.22
 3.51 3.56 3.63 3.65 3.67 3.74 3.83 3.91 3.99 4.05 4.08 4.09 4.04 3.93 3.78 3.66 3.52 3.34 3.16 3.05 3.03 3.06 3.11 3.15 3.17 3.18
 3.37 3.41 3.48 3.54 3.60 3.67 3.75 3.83 3.90 3.96 4.01 4.08 4.11 4.06 3.96 3.85 3.73 3.61 3.46 3.31 3.20 3.17 3.20 3.24 3.22 3.19
 3.31 3.31 3.34 3.40 3.48 3.55 3.61 3.66 3.73 3.80 3.87 3.96 4.05 4.07 4.01 3.92 3.82 3.74 3.65 3.53 3.40 3.31 3.29 3.31 3.29 3.25
 3.30 3.28 3.28 3.30 3.36 3.43 3.48 3.50 3.54 3.61 3.68 3.77 3.88 3.96 3.95 3.90 3.84 3.77 3.72 3.65 3.55 3.45 3.39 3.38 3.35 3.33
 3.34 3.32 3.29 3.28 3.30 3.35 3.38 3.39 3.39 3.41 3.46 3.52 3.60 3.71 3.77 3.80 3.79 3.77 3.74 3.70 3.63 3.56 3.49 3.45 3.42 3.40
