code/windninja/wind/local_muchsmall_0_3_11m_vel.asc
ncols	153
nrows	132
xllcorner	346318.381841
yllcorner	2645299.947190
cellsize	10.620000
NODATA_value	-32768.000000
[rows 38 to 75 of 132, columns 0 to 83 of 153]
4.69 4.72 4.77 4.81 4.85 4.88 4.89 4.90 4.90 4.89 4.88 4.93 4.91 4.87 4.83 4.80 4.78 4.76 4.75 4.74 4.73 4.71 4.70 4.69 4.68 4.67 4.66 4.65 4.63 4.62 4.61 4.60 4.58 4.57 4.56 4.54 4.53 4.51 4.49 4.47 4.45 4.43 4.40 4.38 4.35 4.32 4.29 4.26 4.23 4.20 4.16 4.13 4.09 4.06 4.03 4.01 4.00 3.99 3.99 3.98 3.98 3.98 3.98 3.98 3.98 3.98 3.98 3.98 3.98 3.98 3.98 3.98 3.98 3.98 3.98 3.98 3.98 3.98 3.99 3.99 4.00 4.01 4.01 4.02
4.71 4.74 4.81 4.86 4.90 4.93 4.94 4.94 4.94 4.91 4.90 4.95 4.91 4.85 4.81 4.77 4.75 4.73 4.71 4.70 4.69 4.68 4.67 4.66 4.65 4.64 4.63 4.62 4.61 4.60 4.59 4.58 4.57 4.56 4.55 4.53 4.52 4.51 4.49 4.47 4.46 4.44 4.41 4.39 4.36 4.33 4.31 4.28 4.25 4.22 4.18 4.15 4.12 4.09 4.06 4.05 4.04 4.03 4.02 4.02 4.01 4.01 4.01 4.01 4.00 4.00 4.00 4.00 4.00 4.00 4.00 4.00 4.00 4.00 4.00 4.00 4.00 4.00 4.01 4.01 4.02 4.02 4.03 4.04
4.74 4.78 4.85 4.91 4.96 4.99 5.00 4.99 4.98 4.94 4.92 4.96 4.91 4.84 4.78 4.74 4.71 4.69 4.68 4.66 4.65 4.64 4.64 4.63 4.62 4.61 4.61 4.60 4.59 4.59 4.58 4.57 4.56 4.55 4.54 4.53 4.52 4.50 4.49 4.48 4.46 4.44 4.42 4.40 4.37 4.34 4.32 4.29 4.26 4.23 4.20 4.18 4.15 4.12 4.09 4.08 4.07 4.06 4.05 4.04 4.04 4.04 4.03 4.03 4.03 4.03 4.03 4.02 4.02 4.02 4.02 4.02 4.02 4.02 4.02 4.02 4.02 4.02 4.03 4.03 4.04 4.04 4.05 4.05
4.77 4.82 4.91 4.97 5.02 5.04 5.05 5.04 5.01 4.97 4.94 4.98 4.91 4.82 4.75 4.70 4.67 4.65 4.64 4.63 4.62 4.61 4.61 4.60 4.60 4.59 4.59 4.58 4.58 4.57 4.56 4.56 4.55 4.54 4.53 4.52 4.51 4.50 4.49 4.48 4.46 4.44 4.42 4.40 4.38 4.35 4.33 4.30 4.28 4.25 4.22 4.20 4.17 4.14 4.12 4.10 4.09 4.08 4.07 4.07 4.06 4.06 4.05 4.05 4.05 4.05 4.04 4.04 4.04 4.04 4.04 4.04 4.04 4.04 4.03 4.03 4.03 4.04 4.04 4.04 4.05 4.05 4.06 4.06
4.81 4.87 4.97 5.04 5.08 5.09 5.10 5.08 5.04 4.98 4.94 4.99 4.90 4.78 4.70 4.66 4.63 4.61 4.60 4.59 4.59 4.58 4.58 4.58 4.58 4.58 4.57 4.57 4.56 4.56 4.55 4.54 4.54 4.53 4.53 4.52 4.51 4.50 4.49 4.48 4.46 4.45 4.43 4.41 4.39 4.36 4.34 4.31 4.29 4.26 4.24 4.21 4.19 4.16 4.14 4.12 4.11 4.10 4.09 4.09 4.08 4.08 4.07 4.07 4.07 4.06 4.06 4.06 4.06 4.05 4.05 4.05 4.05 4.05 4.05 4.05 4.05 4.05 4.05 4.05 4.06 4.06 4.06 4.07
4.90 4.96 5.05 5.09 5.12 5.12 5.12 5.10 5.06 4.98 4.92 4.95 4.83 4.70 4.63 4.60 4.58 4.57 4.56 4.56 4.56 4.56 4.56 4.56 4.56 4.56 4.56 4.56 4.55 4.55 4.54 4.54 4.53 4.53 4.52 4.52 4.51 4.50 4.49 4.48 4.47 4.45 4.43 4.41 4.39 4.37 4.35 4.32 4.30 4.27 4.25 4.23 4.20 4.18 4.16 4.14 4.13 4.12 4.11 4.10 4.10 4.09 4.09 4.08 4.08 4.07 4.07 4.07 4.07 4.06 4.06 4.06 4.06 4.06 4.05 4.05 4.05 4.05 4.06 4.06 4.06 4.06 4.07 4.07
4.96 4.94 4.91 4.89 4.88 4.87 4.85 4.83 4.80 4.74 4.72 4.65 4.65 4.58 4.55 4.53 4.53 4.53 4.53 4.53 4.54 4.54 4.54 4.54 4.54 4.55 4.54 4.54 4.54 4.54 4.53 4.53 4.53 4.52 4.52 4.51 4.51 4.50 4.49 4.48 4.46 4.45 4.43 4.41 4.39 4.37 4.35 4.33 4.31 4.28 4.26 4.24 4.22 4.19 4.17 4.16 4.14 4.13 4.13 4.12 4.11 4.11 4.10 4.09 4.09 4.09 4.08 4.08 4.08 4.07 4.07 4.07 4.07 4.06 4.06 4.06 4.06 4.06 4.06 4.06 4.07 4.07 4.07 4.07
5.87 5.25 4.28 3.76 3.46 3.26 3.13 3.05 2.98 3.05 3.47 4.27 4.39 4.44 4.45 4.46 4.48 4.49 4.50 4.51 4.51 4.52 4.52 4.53 4.53 4.53 4.54 4.54 4.53 4.53 4.53 4.52 4.52 4.52 4.52 4.51 4.51 4.50 4.49 4.48 4.46 4.45 4.43 4.42 4.40 4.38 4.36 4.34 4.32 4.29 4.27 4.25 4.23 4.20 4.18 4.17 4.16 4.15 4.14 4.13 4.12 4.12 4.11 4.10 4.10 4.09 4.09 4.09 4.08 4.08 4.07 4.07 4.07 4.07 4.06 4.06 4.06 4.06 4.06 4.06 4.07 4.07 4.07 4.07
5.71 5.22 4.38 3.81 3.45 3.21 3.05 2.96 2.91 3.01 3.34 4.03 4.22 4.30 4.36 4.40 4.43 4.45 4.47 4.48 4.49 4.50 4.51 4.52 4.52 4.53 4.53 4.53 4.53 4.52 4.52 4.52 4.52 4.52 4.51 4.51 4.51 4.50 4.49 4.48 4.46 4.45 4.43 4.42 4.40 4.38 4.36 4.34 4.32 4.30 4.28 4.26 4.24 4.21 4.19 4.18 4.17 4.16 4.15 4.14 4.13 4.12 4.12 4.11 4.10 4.10 4.09 4.09 4.09 4.08 4.08 4.07 4.07 4.07 4.06 4.06 4.06 4.06 4.06 4.06 4.06 4.06 4.07 4.07
5.34 5.04 4.48 4.01 3.67 3.44 3.29 3.20 3.20 3.29 3.51 3.99 4.14 4.21 4.29 4.35 4.39 4.42 4.44 4.46 4.48 4.49 4.50 4.51 4.51 4.52 4.52 4.52 4.52 4.52 4.52 4.52 4.52 4.51 4.51 4.51 4.51 4.50 4.49 4.48 4.46 4.45 4.44 4.42 4.40 4.39 4.37 4.35 4.33 4.31 4.29 4.27 4.25 4.22 4.20 4.19 4.17 4.16 4.15 4.14 4.13 4.13 4.12 4.12 4.11 4.10 4.10 4.09 4.09 4.08 4.08 4.07 4.07 4.07 4.06 4.06 4.06 4.06 4.06 4.06 4.06 4.06 4.06 4.06
5.12 4.92 4.52 4.16 3.88 3.67 3.54 3.47 3.47 3.54 3.70 4.01 4.11 4.18 4.25 4.32 4.36 4.40 4.43 4.45 4.47 4.48 4.49 4.50 4.51 4.52 4.52 4.52 4.52 4.52 4.52 4.51 4.51 4.51 4.51 4.51 4.51 4.50 4.49 4.48 4.47 4.45 4.44 4.42 4.41 4.39 4.37 4.35 4.33 4.31 4.29 4.27 4.25 4.23 4.21 4.19 4.18 4.16 4.15 4.15 4.14 4.13 4.12 4.12 4.11 4.10 4.10 4.09 4.09 4.08 4.08 4.07 4.07 4.06 4.06 4.05 4.05 4.05 4.05 4.05 4.05 4.05 4.05 4.05
4.99 4.84 4.55 4.28 4.05 3.88 3.77 3.72 3.72 3.77 3.87 4.07 4.13 4.19 4.25 4.31 4.36 4.39 4.42 4.45 4.46 4.48 4.49 4.50 4.51 4.52 4.52 4.52 4.52 4.52 4.52 4.52 4.51 4.52 4.52 4.51 4.51 4.50 4.49 4.48 4.47 4.45 4.44 4.43 4.41 4.39 4.38 4.36 4.34 4.32 4.30 4.28 4.25 4.23 4.21 4.19 4.18 4.17 4.16 4.15 4.14 4.13 4.12 4.12 4.11 4.10 4.10 4.09 4.08 4.08 4.07 4.07 4.06 4.06 4.05 4.05 4.04 4.04 4.04 4.04 4.04 4.04 4.04 4.04
4.91 4.80 4.58 4.38 4.20 4.07 3.98 3.93 3.93 3.96 4.03 4.14 4.18 4.22 4.27 4.32 4.36 4.39 4.42 4.45 4.46 4.48 4.49 4.50 4.51 4.51 4.52 4.52 4.52 4.52 4.52 4.52 4.52 4.52 4.52 4.51 4.51 4.50 4.49 4.48 4.47 4.46 4.44 4.43 4.41 4.40 4.38 4.36 4.34 4.32 4.30 4.28 4.26 4.23 4.21 4.19 4.18 4.17 4.16 4.15 4.14 4.13 4.12 4.11 4.11 4.10 4.09 4.09 4.08 4.07 4.07 4.06 4.05 4.05 4.04 4.04 4.03 4.03 4.03 4.03 4.03 4.03 4.02 4.02
4.86 4.78 4.61 4.46 4.32 4.22 4.15 4.11 4.11 4.13 4.17 4.22 4.24 4.27 4.30 4.34 4.37 4.40 4.43 4.45 4.47 4.48 4.49 4.50 4.51 4.51 4.52 4.52 4.52 4.52 4.52 4.52 4.52 4.52 4.52 4.52 4.51 4.51 4.50 4.48 4.47 4.46 4.45 4.43 4.42 4.40 4.38 4.37 4.35 4.32 4.30 4.28 4.26 4.23 4.21 4.19 4.18 4.17 4.15 4.14 4.14 4.13 4.12 4.11 4.10 4.09 4.09 4.08 4.07 4.07 4.06 4.05 4.05 4.04 4.03 4.03 4.02 4.02 4.02 4.01 4.01 4.01 4.01 4.01
4.83 4.76 4.64 4.52 4.42 4.34 4.29 4.26 4.25 4.26 4.28 4.30 4.31 4.33 4.35 4.37 4.39 4.42 4.44 4.46 4.47 4.49 4.50 4.51 4.51 4.51 4.52 4.52 4.52 4.52 4.52 4.52 4.52 4.52 4.52 4.52 4.52 4.51 4.50 4.49 4.48 4.46 4.45 4.44 4.42 4.40 4.39 4.37 4.35 4.33 4.30 4.28 4.26 4.23 4.21 4.19 4.18 4.16 4.15 4.14 4.13 4.12 4.11 4.10 4.10 4.09 4.08 4.07 4.07 4.06 4.05 4.04 4.04 4.03 4.02 4.01 4.01 4.00 4.00 4.00 4.00 3.99 3.99 3.99
4.80 4.76 4.67 4.58 4.50 4.44 4.40 4.38 4.37 4.38 4.38 4.38 4.38 4.39 4.40 4.41 4.42 4.44 4.46 4.47 4.48 4.49 4.50 4.51 4.51 4.52 4.52 4.52 4.52 4.52 4.52 4.52 4.52 4.52 4.53 4.53 4.52 4.52 4.51 4.50 4.48 4.47 4.45 4.44 4.42 4.41 4.39 4.37 4.35 4.33 4.31 4.28 4.26 4.23 4.21 4.19 4.17 4.16 4.15 4.14 4.13 4.12 4.11 4.10 4.09 4.08 4.07 4.07 4.06 4.05 4.04 4.03 4.03 4.02 4.01 4.00 3.99 3.99 3.99 3.98 3.98 3.98 3.97 3.97
4.79 4.76 4.69 4.63 4.57 4.53 4.50 4.48 4.47 4.47 4.47 4.46 4.45 4.45 4.44 4.44 4.45 4.46 4.47 4.48 4.49 4.50 4.50 4.51 4.51 4.51 4.52 4.52 4.52 4.52 4.52 4.52 4.52 4.52 4.53 4.53 4.53 4.52 4.51 4.50 4.49 4.47 4.46 4.44 4.42 4.41 4.39 4.37 4.35 4.33 4.31 4.28 4.25 4.23 4.20 4.18 4.17 4.15 4.14 4.13 4.12 4.11 4.10 4.09 4.08 4.07 4.06 4.06 4.05 4.04 4.03 4.02 4.02 4.01 4.00 3.99 3.98 3.98 3.97 3.97 3.97 3.96 3.96 3.95
4.78 4.76 4.71 4.67 4.63 4.60 4.57 4.56 4.55 4.54 4.54 4.53 4.51 4.50 4.48 4.47 4.46 4.47 4.47 4.48 4.48 4.49 4.50 4.50 4.50 4.50 4.50 4.51 4.51 4.51 4.51 4.51 4.51 4.52 4.52 4.53 4.52 4.52 4.51 4.50 4.48 4.47 4.45 4.44 4.42 4.40 4.39 4.37 4.35 4.33 4.30 4.28 4.25 4.22 4.20 4.18 4.16 4.15 4.14 4.12 4.11 4.10 4.10 4.09 4.08 4.07 4.06 4.05 4.04 4.03 4.03 4.02 4.01 4.00 3.99 3.98 3.98 3.97 3.97 3.96 3.96 3.95 3.95 3.94
4.78 4.77 4.74 4.71 4.68 4.66 4.64 4.62 4.61 4.60 4.59 4.59 4.56 4.53 4.50 4.48 4.46 4.46 4.46 4.46 4.46 4.47 4.47 4.47 4.47 4.47 4.48 4.48 4.48 4.48 4.48 4.48 4.49 4.50 4.50 4.51 4.51 4.50 4.49 4.48 4.47 4.46 4.44 4.43 4.41 4.40 4.38 4.36 4.34 4.32 4.30 4.27 4.25 4.22 4.19 4.17 4.16 4.15 4.13 4.12 4.11 4.10 4.09 4.08 4.08 4.07 4.06 4.05 4.04 4.03 4.03 4.02 4.01 4.00 3.99 3.98 3.98 3.97 3.97 3.96 3.96 3.96 3.95 3.95
4.78 4.78 4.76 4.75 4.73 4.71 4.70 4.68 4.67 4.65 4.64 4.64 4.60 4.55 4.50 4.46 4.44 4.43 4.42 4.42 4.42 4.42 4.43 4.43 4.43 4.43 4.43 4.44 4.44 4.44 4.44 4.45 4.45 4.46 4.47 4.48 4.48 4.47 4.47 4.46 4.45 4.44 4.42 4.41 4.40 4.38 4.36 4.35 4.33 4.31 4.29 4.27 4.24 4.22 4.19 4.17 4.16 4.14 4.13 4.12 4.11 4.10 4.09 4.09 4.08 4.07 4.06 4.06 4.05 4.04 4.03 4.03 4.02 4.01 4.00 3.99 3.99 3.98 3.98 3.98 3.97 3.97 3.97 3.96
4.79 4.79 4.79 4.79 4.78 4.77 4.75 4.74 4.71 4.69 4.67 4.68 4.62 4.54 4.47 4.43 4.41 4.39 4.38 4.37 4.37 4.37 4.37 4.37 4.37 4.38 4.38 4.38 4.39 4.39 4.40 4.40 4.41 4.42 4.43 4.44 4.44 4.44 4.43 4.43 4.42 4.41 4.40 4.38 4.37 4.36 4.35 4.33 4.32 4.30 4.28 4.26 4.23 4.21 4.19 4.17 4.16 4.14 4.13 4.12 4.11 4.11 4.10 4.09 4.08 4.08 4.07 4.06 4.06 4.05 4.04 4.03 4.03 4.02 4.01 4.01 4.00 4.00 4.00 3.99 3.99 3.99 3.98 3.98
4.80 4.81 4.82 4.83 4.83 4.82 4.81 4.79 4.76 4.72 4.70 4.71 4.62 4.52 4.44 4.39 4.36 4.34 4.32 4.32 4.31 4.31 4.31 4.31 4.31 4.32 4.32 4.33 4.33 4.34 4.34 4.35 4.36 4.37 4.38 4.39 4.39 4.39 4.39 4.39 4.38 4.38 4.37 4.36 4.35 4.34 4.32 4.31 4.30 4.28 4.27 4.25 4.22 4.20 4.18 4.17 4.15 4.14 4.13 4.12 4.12 4.11 4.10 4.10 4.09 4.08 4.08 4.07 4.06 4.06 4.05 4.04 4.04 4.03 4.03 4.02 4.02 4.02 4.01 4.01 4.01 4.01 4.00 4.00
4.82 4.83 4.86 4.88 4.89 4.89 4.87 4.85 4.81 4.76 4.74 4.72 4.61 4.49 4.40 4.34 4.30 4.28 4.26 4.25 4.25 4.25 4.25 4.25 4.25 4.26 4.26 4.27 4.27 4.28 4.29 4.30 4.31 4.32 4.33 4.34 4.35 4.35 4.35 4.35 4.35 4.34 4.34 4.33 4.32 4.31 4.30 4.29 4.28 4.27 4.25 4.23 4.22 4.20 4.18 4.16 4.15 4.14 4.13 4.12 4.12 4.11 4.10 4.10 4.09 4.09 4.08 4.08 4.07 4.07 4.06 4.05 4.05 4.04 4.04 4.04 4.03 4.03 4.03 4.03 4.02 4.02 4.02 4.02
4.84 4.87 4.91 4.94 4.96 4.95 4.94 4.91 4.86 4.80 4.76 4.72 4.59 4.45 4.35 4.29 4.25 4.22 4.20 4.19 4.19 4.18 4.19 4.19 4.19 4.20 4.20 4.21 4.22 4.23 4.23 4.25 4.26 4.27 4.28 4.29 4.30 4.31 4.31 4.31 4.31 4.31 4.31 4.30 4.30 4.29 4.28 4.27 4.26 4.25 4.24 4.22 4.21 4.19 4.17 4.16 4.15 4.14 4.13 4.12 4.12 4.11 4.10 4.10 4.10 4.09 4.09 4.08 4.08 4.07 4.07 4.06 4.06 4.05 4.05 4.05 4.04 4.04 4.04 4.04 4.04 4.04 4.04 4.04
4.88 4.91 4.97 5.01 5.03 5.03 5.01 4.97 4.91 4.83 4.79 4.71 4.55 4.40 4.29 4.23 4.19 4.16 4.14 4.13 4.13 4.13 4.13 4.13 4.14 4.14 4.15 4.16 4.16 4.17 4.18 4.20 4.21 4.22 4.24 4.25 4.26 4.27 4.27 4.28 4.28 4.28 4.28 4.27 4.27 4.26 4.26 4.25 4.24 4.23 4.22 4.21 4.19 4.18 4.16 4.15 4.14 4.13 4.12 4.12 4.11 4.11 4.10 4.10 4.09 4.09 4.09 4.08 4.08 4.07 4.07 4.07 4.06 4.06 4.06 4.06 4.05 4.05 4.05 4.05 4.05 4.05 4.05 4.05
4.93 4.97 5.05 5.10 5.11 5.11 5.08 5.03 4.96 4.87 4.80 4.69 4.51 4.33 4.22 4.16 4.12 4.09 4.08 4.07 4.07 4.07 4.07 4.08 4.08 4.09 4.10 4.11 4.12 4.13 4.14 4.15 4.16 4.18 4.19 4.20 4.22 4.23 4.23 4.24 4.24 4.25 4.25 4.24 4.24 4.24 4.23 4.23 4.22 4.21 4.20 4.19 4.18 4.16 4.15 4.14 4.13 4.12 4.12 4.11 4.11 4.10 4.10 4.10 4.09 4.09 4.09 4.08 4.08 4.08 4.07 4.07 4.07 4.07 4.06 4.06 4.06 4.06 4.06 4.06 4.06 4.07 4.07 4.07
5.00 5.05 5.15 5.18 5.19 5.17 5.13 5.07 4.99 4.88 4.81 4.66 4.45 4.24 4.13 4.07 4.04 4.02 4.01 4.01 4.01 4.01 4.02 4.02 4.03 4.04 4.05 4.06 4.07 4.08 4.09 4.10 4.12 4.13 4.15 4.16 4.18 4.19 4.20 4.20 4.21 4.21 4.21 4.21 4.21 4.21 4.21 4.21 4.20 4.19 4.18 4.17 4.16 4.15 4.14 4.13 4.12 4.12 4.11 4.11 4.10 4.10 4.10 4.09 4.09 4.09 4.09 4.08 4.08 4.08 4.08 4.07 4.07 4.07 4.07 4.07 4.07 4.07 4.07 4.07 4.07 4.07 4.08 4.08
5.14 5.20 5.27 5.26 5.24 5.21 5.16 5.10 5.01 4.88 4.77 4.51 4.29 4.10 4.02 3.98 3.96 3.95 3.95 3.95 3.95 3.96 3.96 3.97 3.98 3.99 4.00 4.01 4.02 4.03 4.04 4.06 4.07 4.09 4.10 4.12 4.13 4.14 4.16 4.16 4.17 4.18 4.18 4.18 4.18 4.19 4.18 4.18 4.18 4.17 4.16 4.16 4.15 4.14 4.13 4.12 4.11 4.11 4.10 4.10 4.09 4.09 4.09 4.09 4.09 4.08 4.08 4.08 4.08 4.08 4.08 4.07 4.07 4.07 4.07 4.07 4.07 4.07 4.08 4.08 4.08 4.08 4.08 4.09
5.29 5.22 5.12 5.04 4.98 4.92 4.86 4.79 4.72 4.59 4.43 3.92 3.98 3.93 3.89 3.88 3.88 3.88 3.88 3.89 3.89 3.90 3.91 3.92 3.93 3.94 3.95 3.96 3.97 3.99 4.00 4.01 4.03 4.04 4.06 4.07 4.09 4.10 4.11 4.12 4.13 4.14 4.15 4.15 4.15 4.16 4.16 4.16 4.15 4.15 4.14 4.13 4.13 4.12 4.11 4.10 4.10 4.09 4.09 4.09 4.09 4.08 4.08 4.08 4.08 4.08 4.08 4.08 4.08 4.07 4.07 4.07 4.07 4.07 4.07 4.07 4.07 4.08 4.08 4.08 4.08 4.09 4.09 4.09
7.52 6.49 4.88 3.93 3.29 2.78 2.38 2.05 1.78 1.65 2.04 3.42 3.66 3.74 3.76 3.78 3.79 3.81 3.82 3.83 3.84 3.85 3.86 3.87 3.88 3.89 3.90 3.91 3.93 3.94 3.95 3.96 3.98 4.00 4.01 4.03 4.05 4.06 4.07 4.08 4.09 4.10 4.11 4.12 4.12 4.12 4.13 4.13 4.13 4.12 4.12 4.11 4.11 4.10 4.09 4.09 4.08 4.08 4.08 4.08 4.07 4.07 4.07 4.07 4.07 4.07 4.07 4.07 4.07 4.07 4.07 4.07 4.07 4.07 4.07 4.07 4.07 4.07 4.08 4.08 4.08 4.09 4.09 4.10
7.03 6.27 4.97 4.03 3.37 2.85 2.44 2.11 1.86 1.78 2.06 3.22 3.48 3.58 3.65 3.69 3.72 3.74 3.76 3.77 3.79 3.80 3.81 3.82 3.83 3.84 3.86 3.87 3.88 3.89 3.90 3.92 3.93 3.95 3.97 3.98 4.00 4.02 4.03 4.04 4.05 4.06 4.07 4.08 4.09 4.09 4.10 4.10 4.10 4.10 4.10 4.09 4.09 4.08 4.07 4.07 4.07 4.06 4.06 4.06 4.06 4.06 4.06 4.06 4.06 4.06 4.06 4.06 4.06 4.06 4.06 4.06 4.06 4.06 4.06 4.06 4.07 4.07 4.07 4.08 4.08 4.09 4.09 4.10
6.15 5.73 4.90 4.15 3.56 3.11 2.76 2.50 2.34 2.33 2.53 3.25 3.41 3.49 3.56 3.62 3.66 3.68 3.71 3.72 3.74 3.75 3.76 3.78 3.79 3.80 3.81 3.82 3.83 3.84 3.85 3.87 3.89 3.90 3.92 3.94 3.95 3.97 3.98 4.00 4.01 4.02 4.03 4.04 4.05 4.06 4.06 4.07 4.07 4.07 4.07 4.07 4.06 4.06 4.05 4.05 4.05 4.05 4.05 4.05 4.05 4.05 4.05 4.05 4.05 4.05 4.05 4.05 4.05 4.05 4.05 4.05 4.05 4.05 4.06 4.06 4.06 4.07 4.07 4.08 4.08 4.09 4.09 4.10
5.67 5.37 4.79 4.23 3.75 3.37 3.07 2.87 2.77 2.77 2.91 3.31 3.40 3.46 3.52 3.57 3.61 3.63 3.66 3.68 3.69 3.70 3.71 3.73 3.74 3.75 3.76 3.77 3.78 3.79 3.80 3.82 3.84 3.85 3.87 3.89 3.91 3.92 3.94 3.95 3.97 3.98 3.99 4.00 4.01 4.02 4.03 4.03 4.04 4.04 4.04 4.04 4.04 4.04 4.03 4.03 4.03 4.03 4.03 4.03 4.03 4.04 4.04 4.04 4.04 4.04 4.04 4.04 4.04 4.04 4.04 4.04 4.05 4.05 4.05 4.05 4.06 4.06 4.07 4.07 4.08 4.08 4.09 4.10
5.38 5.16 4.72 4.29 3.91 3.60 3.36 3.20 3.12 3.12 3.21 3.41 3.44 3.47 3.50 3.54 3.57 3.59 3.61 3.63 3.65 3.66 3.67 3.68 3.69 3.70 3.71 3.72 3.73 3.74 3.75 3.77 3.78 3.80 3.82 3.84 3.86 3.87 3.89 3.90 3.92 3.93 3.95 3.96 3.97 3.98 3.99 4.00 4.00 4.01 4.01 4.01 4.01 4.01 4.01 4.01 4.01 4.01 4.01 4.01 4.02 4.02 4.02 4.02 4.02 4.03 4.03 4.03 4.03 4.03 4.03 4.03 4.03 4.04 4.04 4.04 4.04 4.05 4.06 4.06 4.07 4.08 4.09 4.09
5.19 5.02 4.68 4.35 4.05 3.80 3.61 3.47 3.40 3.39 3.44 3.51 3.50 3.50 3.51 3.53 3.54 3.56 3.58 3.59 3.60 3.61 3.62 3.63 3.64 3.65 3.66 3.67 3.68 3.69 3.70 3.71 3.73 3.75 3.76 3.78 3.80 3.82 3.84 3.85 3.87 3.89 3.90 3.92 3.93 3.94 3.95 3.96 3.97 3.97 3.98 3.98 3.98 3.98 3.98 3.98 3.98 3.99 3.99 3.99 4.00 4.00 4.00 4.01 4.01 4.01 4.01 4.01 4.02 4.02 4.02 4.02 4.02 4.02 4.02 4.03 4.03 4.04 4.05 4.05 4.06 4.07 4.08 4.09
5.06 4.93 4.66 4.40 4.17 3.96 3.80 3.69 3.63 3.60 3.61 3.61 3.58 3.55 3.53 3.52 3.53 3.53 3.54 3.55 3.56 3.57 3.58 3.59 3.59 3.60 3.61 3.61 3.62 3.63 3.64 3.66 3.67 3.69 3.71 3.73 3.74 3.76 3.78 3.80 3.82 3.83 3.85 3.87 3.88 3.90 3.91 3.92 3.93 3.94 3.94 3.95 3.95 3.95 3.95 3.96 3.96 3.97 3.97 3.98 3.98 3.98 3.99 3.99 3.99 3.99 4.00 4.00 4.00 4.00 4.00 4.00 4.00 4.01 4.01 4.01 4.02 4.03 4.03 4.04 4.05 4.06 4.07 4.08
4.97 4.87 4.65 4.45 4.26 4.09 3.96 3.86 3.80 3.76 3.74 3.71 3.65 3.59 3.55 3.53 3.51 3.51 3.51 3.52 3.52 3.53 3.53 3.54 3.54 3.55 3.55 3.56 3.57 3.58 3.59 3.60 3.61 3.63 3.65 3.67 3.69 3.70 3.72 3.74 3.76 3.78 3.80 3.82 3.84 3.85 3.87 3.88 3.89 3.90 3.91 3.91 3.92 3.92 3.92 3.93 3.94 3.94 3.95 3.95 3.96 3.96 3.97 3.97 3.98 3.98 3.98 3.98 3.98 3.98 3.99 3.99 3.99 3.99 3.99 4.00 4.00 4.01 4.02 4.03 4.04 4.05 4.06 4.07
4.91 4.82 4.65 4.49 4.33 4.20 4.09 4.00 3.93 3.88 3.84 3.78 3.71 3.64 3.57 3.53 3.50 3.49 3.48 3.48 3.48 3.48 3.49 3.49 3.49 3.50 3.50 3.51 3.51 3.52 3.53 3.54 3.55 3.57 3.59 3.61 3.63 3.65 3.67 3.69 3.71 3.73 3.75 3.77 3.79 3.80 3.82 3.83 3.85 3.86 3.87 3.88 3.89 3.89 3.89 3.90 3.91 3.92 3.93 3.93 3.94 3.95 3.95 3.96 3.96 3.96 3.96 3.97 3.97 3.97 3.97 3.97 3.97 3.98 3.98 3.98 3.99 4.00 4.01 4.02 4.03 4.04 4.06 4.07
