code/windninja/wind/local_small_20_3_109m_vel.asc
ncols	142
nrows	142
xllcorner	339121.357320
yllcorner	2641958.613096
cellsize	109.440000
NODATA_value	-32768.000000
[rows 0 to 37 of 142, columns 0 to 83 of 142]
3.22 3.30 3.46 3.61 3.76 3.86 3.88 3.90 3.96 4.00 4.04 4.06 4.05 4.00 3.89 3.72 3.53 3.39 3.29 3.23 3.20 3.22 3.29 3.38 3.47 3.53 3.57 3.59 3.61 3.68 3.78 3.91 4.02 4.11 4.18 4.22 4.25 4.27 4.29 4.32 4.38 4.45 4.53 4.58 4.62 4.64 4.62 4.58 4.55 4.53 4.47 4.38 4.29 4.22 4.15 4.09 4.04 3.99 3.94 3.90 3.85 3.78 3.70 3.60 3.51 3.43 3.39 3.41 3.44 3.45 3.42 3.39 3.33 3.25 3.17 3.09 3.03 2.97 2.90 2.82 2.72 2.57 2.35 2.19
3.22 3.30 3.46 3.61 3.76 3.86 3.88 3.90 3.96 4.00 4.04 4.06 4.05 4.00 3.89 3.72 3.53 3.39 3.29 3.23 3.20 3.22 3.29 3.38 3.47 3.53 3.57 3.59 3.61 3.68 3.78 3.91 4.02 4.11 4.18 4.22 4.25 4.27 4.29 4.32 4.38 4.45 4.53 4.58 4.62 4.64 4.62 4.58 4.55 4.53 4.47 4.38 4.29 4.22 4.15 4.09 4.04 3.99 3.94 3.90 3.85 3.78 3.70 3.60 3.51 3.43 3.39 3.41 3.44 3.45 3.42 3.39 3.33 3.25 3.17 3.09 3.03 2.97 2.90 2.82 2.72 2.57 2.35 2.19
3.17 3.23 3.36 3.48 3.55 3.59 3.62 3.67 3.71 3.75 3.79 3.82 3.83 3.86 3.86 3.80 3.71 3.61 3.51 3.39 3.29 3.21 3.20 3.28 3.42 3.58 3.70 3.79 3.87 3.95 4.05 4.15 4.23 4.28 4.29 4.25 4.18 4.11 4.07 4.05 4.08 4.17 4.26 4.33 4.35 4.33 4.30 4.28 4.28 4.29 4.28 4.25 4.20 4.12 4.01 3.91 3.84 3.81 3.78 3.76 3.75 3.76 3.74 3.70 3.63 3.55 3.48 3.45 3.44 3.45 3.45 3.45 3.43 3.40 3.36 3.28 3.20 3.12 3.02 2.91 2.78 2.60 2.30 2.03
3.11 3.14 3.21 3.29 3.35 3.37 3.39 3.42 3.44 3.45 3.49 3.53 3.57 3.62 3.70 3.74 3.74 3.70 3.65 3.57 3.47 3.37 3.33 3.37 3.49 3.66 3.82 3.95 4.05 4.13 4.20 4.28 4.35 4.39 4.39 4.29 4.15 4.04 3.95 3.85 3.79 3.82 3.93 4.01 4.03 3.99 3.97 3.97 3.98 4.00 4.03 4.04 4.02 3.94 3.85 3.77 3.75 3.76 3.76 3.77 3.80 3.84 3.85 3.83 3.79 3.72 3.63 3.54 3.50 3.48 3.47 3.48 3.49 3.50 3.49 3.43 3.33 3.22 3.11 2.97 2.82 2.60 2.21 1.88
3.05 3.05 3.08 3.13 3.19 3.22 3.23 3.24 3.24 3.24 3.28 3.32 3.36 3.41 3.53 3.64 3.70 3.72 3.73 3.71 3.67 3.61 3.58 3.59 3.67 3.79 3.93 4.04 4.12 4.18 4.21 4.26 4.32 4.35 4.32 4.23 4.11 4.02 3.93 3.80 3.67 3.62 3.69 3.77 3.79 3.78 3.78 3.78 3.78 3.78 3.79 3.81 3.80 3.74 3.70 3.70 3.74 3.80 3.86 3.89 3.92 3.93 3.93 3.92 3.88 3.83 3.75 3.66 3.58 3.52 3.49 3.49 3.51 3.54 3.54 3.49 3.41 3.29 3.16 3.02 2.86 2.61 2.15 1.81
3.05 3.03 3.02 3.05 3.09 3.12 3.14 3.16 3.17 3.18 3.21 3.24 3.28 3.35 3.48 3.62 3.71 3.76 3.80 3.82 3.81 3.80 3.79 3.82 3.87 3.94 4.02 4.07 4.09 4.11 4.11 4.10 4.09 4.07 4.05 4.02 3.99 3.95 3.90 3.82 3.70 3.61 3.60 3.63 3.65 3.64 3.64 3.63 3.63 3.61 3.60 3.61 3.62 3.60 3.60 3.64 3.73 3.84 3.93 3.98 3.99 3.97 3.94 3.91 3.88 3.84 3.79 3.72 3.63 3.55 3.50 3.48 3.48 3.50 3.52 3.50 3.44 3.36 3.25 3.12 2.97 2.72 2.24 1.89
3.07 3.05 3.02 3.02 3.03 3.05 3.08 3.13 3.18 3.20 3.23 3.27 3.33 3.41 3.56 3.69 3.78 3.85 3.89 3.92 3.93 3.94 3.96 3.98 4.01 4.04 4.05 4.04 4.00 3.95 3.89 3.80 3.70 3.60 3.54 3.60 3.72 3.80 3.83 3.82 3.76 3.68 3.61 3.58 3.57 3.55 3.53 3.51 3.50 3.49 3.49 3.50 3.53 3.55 3.59 3.66 3.76 3.87 3.98 4.03 4.03 3.99 3.93 3.86 3.81 3.78 3.75 3.70 3.63 3.56 3.50 3.45 3.41 3.41 3.43 3.45 3.44 3.41 3.35 3.25 3.12 2.91 2.46 2.09
3.07 3.06 3.03 3.01 2.99 3.00 3.03 3.11 3.20 3.26 3.32 3.38 3.45 3.55 3.68 3.79 3.88 3.95 4.00 4.03 4.05 4.05 4.05 4.06 4.06 4.04 3.99 3.92 3.83 3.73 3.60 3.48 3.35 3.21 3.14 3.23 3.44 3.59 3.70 3.76 3.76 3.72 3.65 3.58 3.54 3.51 3.50 3.50 3.51 3.52 3.54 3.56 3.60 3.65 3.71 3.79 3.89 3.99 4.07 4.11 4.10 4.05 3.99 3.90 3.81 3.74 3.68 3.64 3.58 3.53 3.48 3.41 3.34 3.29 3.29 3.33 3.37 3.39 3.39 3.35 3.27 3.11 2.75 2.36
3.07 3.06 3.02 2.99 2.96 2.96 2.99 3.07 3.20 3.32 3.42 3.50 3.59 3.68 3.77 3.86 3.95 4.03 4.09 4.11 4.12 4.10 4.08 4.06 4.03 3.96 3.86 3.73 3.61 3.49 3.38 3.28 3.18 3.07 3.02 3.10 3.27 3.42 3.54 3.64 3.69 3.70 3.66 3.61 3.56 3.53 3.55 3.60 3.65 3.69 3.73 3.78 3.82 3.87 3.94 4.01 4.10 4.17 4.21 4.20 4.19 4.15 4.10 4.02 3.90 3.78 3.68 3.59 3.53 3.48 3.43 3.36 3.28 3.19 3.14 3.16 3.22 3.29 3.34 3.37 3.36 3.28 3.03 2.67
3.07 3.05 3.00 2.96 2.93 2.93 2.96 3.05 3.20 3.35 3.46 3.56 3.65 3.73 3.79 3.86 3.94 4.02 4.08 4.10 4.09 4.07 4.04 4.01 3.95 3.84 3.70 3.55 3.43 3.36 3.31 3.27 3.22 3.15 3.11 3.15 3.23 3.31 3.40 3.49 3.58 3.62 3.63 3.61 3.59 3.59 3.65 3.73 3.82 3.89 3.96 4.01 4.05 4.10 4.15 4.21 4.27 4.32 4.32 4.28 4.24 4.22 4.19 4.12 4.00 3.87 3.72 3.59 3.49 3.42 3.37 3.32 3.24 3.14 3.05 3.03 3.07 3.14 3.22 3.29 3.35 3.35 3.23 2.93
3.08 3.05 2.98 2.92 2.89 2.90 2.96 3.06 3.19 3.33 3.45 3.54 3.62 3.69 3.73 3.78 3.85 3.93 3.98 3.98 3.97 3.96 3.93 3.90 3.82 3.71 3.57 3.43 3.34 3.33 3.35 3.38 3.38 3.34 3.29 3.27 3.27 3.28 3.31 3.37 3.45 3.51 3.55 3.57 3.58 3.62 3.72 3.84 3.95 4.05 4.12 4.16 4.20 4.23 4.27 4.31 4.35 4.37 4.34 4.27 4.22 4.20 4.19 4.14 4.04 3.93 3.79 3.66 3.52 3.41 3.35 3.30 3.23 3.14 3.04 2.98 2.97 3.00 3.07 3.16 3.26 3.34 3.30 3.10
3.09 3.05 2.97 2.89 2.85 2.86 2.93 3.04 3.17 3.28 3.37 3.44 3.52 3.58 3.63 3.66 3.71 3.76 3.78 3.78 3.76 3.75 3.73 3.69 3.64 3.56 3.47 3.37 3.31 3.34 3.41 3.48 3.51 3.48 3.43 3.37 3.31 3.28 3.27 3.29 3.34 3.40 3.45 3.48 3.52 3.58 3.70 3.85 3.99 4.10 4.16 4.20 4.23 4.24 4.27 4.28 4.28 4.26 4.19 4.12 4.07 4.05 4.05 4.03 3.99 3.95 3.86 3.77 3.63 3.49 3.38 3.31 3.24 3.16 3.06 2.98 2.94 2.94 2.96 3.04 3.16 3.28 3.31 3.20
3.11 3.08 2.99 2.89 2.81 2.81 2.89 3.00 3.11 3.19 3.26 3.31 3.36 3.42 3.48 3.51 3.53 3.54 3.52 3.49 3.47 3.45 3.44 3.42 3.41 3.39 3.37 3.33 3.32 3.37 3.46 3.54 3.57 3.55 3.48 3.41 3.32 3.25 3.23 3.24 3.27 3.32 3.35 3.38 3.42 3.50 3.63 3.78 3.93 4.05 4.11 4.13 4.15 4.16 4.15 4.11 4.05 3.93 3.82 3.76 3.75 3.76 3.76 3.78 3.84 3.89 3.90 3.89 3.80 3.65 3.50 3.37 3.26 3.16 3.07 3.00 2.96 2.94 2.95 3.00 3.10 3.24 3.32 3.29
3.13 3.10 3.03 2.91 2.80 2.76 2.81 2.90 2.99 3.05 3.10 3.13 3.17 3.22 3.26 3.28 3.29 3.26 3.21 3.18 3.16 3.16 3.17 3.20 3.25 3.29 3.33 3.36 3.40 3.47 3.55 3.59 3.59 3.56 3.49 3.42 3.30 3.20 3.18 3.20 3.24 3.29 3.32 3.34 3.39 3.48 3.60 3.73 3.85 3.94 3.98 3.99 3.99 3.96 3.90 3.81 3.69 3.50 3.35 3.29 3.29 3.32 3.33 3.37 3.49 3.69 3.85 3.95 3.93 3.82 3.67 3.50 3.34 3.21 3.11 3.05 3.00 2.98 2.99 3.02 3.10 3.23 3.34 3.35
3.14 3.13 3.07 2.97 2.84 2.75 2.72 2.74 2.79 2.84 2.88 2.92 2.96 2.99 2.99 2.98 2.95 2.88 2.84 2.85 2.89 2.95 3.02 3.11 3.21 3.31 3.41 3.49 3.55 3.60 3.63 3.63 3.60 3.55 3.48 3.41 3.29 3.16 3.11 3.15 3.25 3.33 3.38 3.42 3.48 3.56 3.65 3.73 3.79 3.82 3.81 3.79 3.75 3.69 3.60 3.49 3.35 3.16 3.00 2.89 2.83 2.81 2.80 2.77 2.89 3.26 3.66 3.90 3.96 3.94 3.83 3.67 3.48 3.33 3.22 3.14 3.09 3.07 3.07 3.09 3.13 3.23 3.34 3.40
3.15 3.15 3.12 3.03 2.89 2.75 2.63 2.55 2.53 2.56 2.59 2.64 2.69 2.71 2.69 2.64 2.58 2.51 2.51 2.58 2.68 2.80 2.94 3.08 3.22 3.36 3.49 3.57 3.61 3.64 3.63 3.60 3.55 3.50 3.45 3.39 3.29 3.16 3.10 3.16 3.30 3.42 3.49 3.53 3.57 3.62 3.67 3.70 3.70 3.66 3.61 3.55 3.50 3.43 3.35 3.25 3.12 2.95 2.80 2.69 2.59 2.51 2.44 2.37 2.40 2.75 3.30 3.69 3.88 3.96 3.92 3.80 3.63 3.47 3.34 3.25 3.19 3.17 3.17 3.18 3.20 3.26 3.36 3.43
3.14 3.15 3.14 3.06 2.92 2.74 2.54 2.35 2.23 2.18 2.21 2.27 2.35 2.38 2.36 2.32 2.27 2.24 2.28 2.38 2.52 2.69 2.88 3.06 3.23 3.37 3.48 3.54 3.56 3.56 3.52 3.45 3.39 3.38 3.39 3.37 3.31 3.22 3.18 3.27 3.42 3.53 3.57 3.59 3.60 3.62 3.62 3.59 3.51 3.41 3.31 3.26 3.24 3.22 3.17 3.07 2.94 2.79 2.70 2.66 2.60 2.51 2.42 2.32 2.29 2.47 2.86 3.32 3.69 3.88 3.92 3.85 3.72 3.57 3.45 3.37 3.31 3.27 3.27 3.27 3.29 3.33 3.42 3.49
3.14 3.15 3.14 3.06 2.92 2.74 2.54 2.35 2.23 2.18 2.21 2.27 2.35 2.38 2.36 2.32 2.27 2.24 2.28 2.38 2.52 2.69 2.88 3.06 3.23 3.37 3.48 3.54 3.56 3.56 3.52 3.45 3.39 3.38 3.39 3.37 3.31 3.22 3.18 3.27 3.42 3.53 3.57 3.59 3.60 3.62 3.62 3.59 3.51 3.41 3.31 3.26 3.24 3.22 3.17 3.07 2.94 2.79 2.70 2.66 2.60 2.51 2.42 2.32 2.29 2.47 2.86 3.32 3.69 3.88 3.92 3.85 3.72 3.57 3.45 3.37 3.31 3.27 3.27 3.27 3.29 3.33 3.42 3.49
3.13 3.12 3.08 3.00 2.87 2.68 2.44 2.20 1.99 1.85 1.84 1.90 1.98 2.03 2.04 2.02 2.02 2.04 2.11 2.23 2.40 2.58 2.78 2.98 3.14 3.26 3.34 3.38 3.38 3.35 3.28 3.18 3.13 3.21 3.31 3.35 3.33 3.28 3.27 3.34 3.45 3.54 3.56 3.55 3.55 3.53 3.48 3.37 3.22 3.05 2.95 2.94 2.99 3.03 3.01 2.94 2.82 2.70 2.68 2.74 2.75 2.68 2.58 2.48 2.41 2.42 2.60 2.99 3.43 3.73 3.85 3.84 3.76 3.64 3.54 3.48 3.44 3.40 3.38 3.38 3.40 3.44 3.51 3.57
3.08 2.99 2.88 2.79 2.66 2.50 2.30 2.09 1.90 1.74 1.65 1.61 1.63 1.67 1.70 1.74 1.80 1.88 1.99 2.13 2.30 2.48 2.65 2.80 2.91 2.99 3.03 3.04 3.03 2.97 2.91 2.89 2.95 3.10 3.25 3.32 3.34 3.31 3.28 3.28 3.32 3.39 3.43 3.43 3.40 3.34 3.22 3.06 2.86 2.69 2.60 2.60 2.69 2.80 2.84 2.82 2.75 2.68 2.74 2.91 2.98 2.95 2.90 2.82 2.76 2.73 2.80 3.04 3.35 3.62 3.78 3.83 3.78 3.71 3.64 3.60 3.58 3.56 3.53 3.52 3.54 3.59 3.64 3.69
3.01 2.88 2.67 2.54 2.40 2.28 2.16 2.03 1.90 1.75 1.58 1.44 1.39 1.39 1.43 1.50 1.60 1.73 1.88 2.05 2.21 2.36 2.48 2.56 2.61 2.61 2.59 2.59 2.59 2.56 2.57 2.66 2.80 3.00 3.19 3.29 3.34 3.33 3.27 3.18 3.14 3.17 3.23 3.24 3.20 3.10 2.95 2.78 2.61 2.47 2.39 2.37 2.46 2.60 2.70 2.72 2.68 2.66 2.79 3.06 3.21 3.24 3.24 3.22 3.18 3.14 3.15 3.24 3.41 3.62 3.77 3.85 3.84 3.80 3.77 3.76 3.76 3.75 3.72 3.70 3.72 3.75 3.79 3.81
3.22 3.03 2.68 2.44 2.26 2.14 2.07 2.01 1.94 1.82 1.65 1.47 1.36 1.30 1.29 1.34 1.45 1.61 1.79 1.97 2.11 2.21 2.27 2.29 2.28 2.24 2.20 2.21 2.24 2.28 2.35 2.49 2.66 2.88 3.09 3.23 3.31 3.33 3.26 3.14 3.05 3.02 3.05 3.08 3.03 2.94 2.80 2.66 2.53 2.42 2.35 2.34 2.41 2.54 2.66 2.70 2.68 2.66 2.82 3.15 3.36 3.47 3.52 3.54 3.54 3.51 3.50 3.52 3.60 3.73 3.86 3.94 3.96 3.96 3.95 3.96 3.98 3.99 3.98 3.96 3.94 3.93 3.93 3.93
3.57 3.29 2.81 2.46 2.23 2.09 2.04 2.03 2.01 1.95 1.80 1.62 1.45 1.32 1.25 1.26 1.35 1.49 1.67 1.83 1.95 2.02 2.04 2.01 1.97 1.93 1.92 1.95 2.02 2.10 2.21 2.36 2.53 2.74 2.96 3.13 3.24 3.29 3.24 3.12 3.00 2.93 2.93 2.94 2.92 2.85 2.76 2.66 2.56 2.48 2.44 2.44 2.50 2.62 2.73 2.80 2.81 2.80 2.94 3.24 3.48 3.63 3.73 3.79 3.82 3.84 3.83 3.83 3.86 3.93 4.02 4.10 4.14 4.17 4.21 4.24 4.28 4.30 4.31 4.27 4.21 4.14 4.08 4.03
3.80 3.51 2.98 2.59 2.32 2.15 2.08 2.07 2.09 2.08 1.98 1.83 1.63 1.45 1.34 1.29 1.32 1.39 1.47 1.57 1.65 1.71 1.74 1.72 1.69 1.67 1.68 1.73 1.83 1.95 2.08 2.24 2.41 2.59 2.80 2.98 3.13 3.22 3.20 3.09 2.96 2.86 2.80 2.79 2.80 2.79 2.76 2.71 2.65 2.62 2.61 2.65 2.72 2.83 2.95 3.05 3.12 3.16 3.26 3.44 3.61 3.75 3.87 3.96 4.03 4.08 4.11 4.13 4.15 4.18 4.23 4.28 4.33 4.39 4.46 4.53 4.59 4.63 4.63 4.58 4.49 4.37 4.24 4.10
3.97 3.66 3.12 2.76 2.51 2.32 2.20 2.17 2.20 2.22 2.18 2.06 1.88 1.68 1.52 1.41 1.35 1.32 1.29 1.29 1.31 1.36 1.42 1.44 1.45 1.45 1.47 1.54 1.66 1.82 1.98 2.14 2.29 2.43 2.60 2.79 2.98 3.11 3.14 3.07 2.95 2.83 2.71 2.65 2.67 2.72 2.74 2.75 2.77 2.79 2.83 2.91 3.01 3.12 3.25 3.38 3.49 3.55 3.59 3.64 3.73 3.84 3.95 4.06 4.14 4.22 4.28 4.32 4.35 4.36 4.38 4.41 4.45 4.53 4.62 4.71 4.79 4.84 4.84 4.81 4.74 4.62 4.43 4.20
4.05 3.72 3.22 2.90 2.69 2.52 2.39 2.34 2.36 2.38 2.37 2.29 2.14 1.94 1.74 1.58 1.45 1.32 1.23 1.16 1.13 1.15 1.18 1.21 1.24 1.27 1.33 1.44 1.58 1.75 1.91 2.03 2.13 2.22 2.35 2.55 2.77 2.96 3.06 3.06 2.99 2.89 2.75 2.65 2.62 2.64 2.68 2.75 2.84 2.94 3.04 3.14 3.26 3.37 3.50 3.63 3.72 3.74 3.74 3.76 3.80 3.88 3.97 4.07 4.17 4.26 4.34 4.39 4.41 4.41 4.42 4.45 4.49 4.57 4.66 4.76 4.85 4.92 4.96 4.97 4.93 4.83 4.68 4.43
3.97 3.75 3.33 3.02 2.84 2.71 2.60 2.54 2.54 2.55 2.54 2.49 2.37 2.20 2.00 1.81 1.62 1.43 1.27 1.15 1.08 1.05 1.06 1.07 1.11 1.16 1.25 1.39 1.55 1.72 1.86 1.93 1.97 1.99 2.06 2.25 2.51 2.76 2.95 3.03 3.03 2.99 2.89 2.77 2.67 2.62 2.63 2.71 2.84 3.00 3.14 3.27 3.38 3.49 3.60 3.70 3.75 3.75 3.75 3.77 3.80 3.84 3.91 3.99 4.07 4.16 4.23 4.28 4.30 4.32 4.33 4.36 4.40 4.46 4.54 4.62 4.70 4.79 4.88 4.97 4.98 4.95 4.93 4.76
3.98 3.78 3.41 3.12 2.95 2.84 2.75 2.70 2.68 2.68 2.68 2.66 2.57 2.43 2.24 2.05 1.84 1.61 1.42 1.28 1.18 1.12 1.11 1.11 1.12 1.17 1.24 1.37 1.52 1.67 1.77 1.81 1.80 1.79 1.84 2.02 2.29 2.56 2.79 2.94 3.02 3.04 3.02 2.93 2.81 2.71 2.67 2.69 2.79 2.94 3.08 3.21 3.32 3.42 3.51 3.58 3.62 3.64 3.66 3.69 3.71 3.72 3.75 3.78 3.83 3.89 3.94 3.99 4.02 4.05 4.08 4.11 4.14 4.18 4.22 4.27 4.32 4.39 4.51 4.71 4.90 5.00 5.10 5.03
3.92 3.79 3.48 3.21 3.03 2.92 2.84 2.79 2.76 2.76 2.78 2.78 2.74 2.63 2.47 2.30 2.10 1.88 1.71 1.59 1.48 1.39 1.34 1.30 1.28 1.27 1.30 1.37 1.47 1.58 1.66 1.66 1.64 1.64 1.71 1.89 2.16 2.40 2.60 2.79 2.94 3.03 3.06 3.04 2.97 2.88 2.79 2.74 2.75 2.80 2.88 2.98 3.07 3.16 3.24 3.30 3.35 3.41 3.47 3.51 3.53 3.52 3.50 3.47 3.45 3.44 3.44 3.49 3.55 3.59 3.64 3.70 3.75 3.77 3.79 3.79 3.79 3.82 3.91 4.17 4.62 4.94 5.14 5.17
3.92 3.79 3.53 3.28 3.08 2.95 2.86 2.81 2.79 2.79 2.83 2.87 2.88 2.82 2.70 2.56 2.41 2.22 2.10 2.03 1.95 1.82 1.71 1.61 1.50 1.41 1.36 1.37 1.40 1.45 1.51 1.53 1.56 1.64 1.75 1.93 2.13 2.30 2.44 2.60 2.78 2.93 3.02 3.06 3.05 3.00 2.92 2.84 2.77 2.72 2.70 2.70 2.75 2.83 2.91 2.98 3.05 3.13 3.21 3.25 3.27 3.25 3.20 3.12 3.05 3.00 2.98 3.01 3.08 3.15 3.23 3.32 3.39 3.42 3.40 3.37 3.33 3.31 3.32 3.56 4.18 4.73 5.06 5.19
3.85 3.79 3.59 3.36 3.13 2.95 2.83 2.78 2.77 2.79 2.85 2.94 2.99 2.99 2.95 2.87 2.78 2.66 2.58 2.56 2.50 2.38 2.23 2.02 1.80 1.60 1.45 1.36 1.31 1.31 1.34 1.41 1.53 1.71 1.89 2.04 2.16 2.24 2.30 2.40 2.57 2.76 2.90 2.98 3.01 3.00 2.97 2.91 2.83 2.72 2.60 2.50 2.49 2.54 2.64 2.73 2.82 2.89 2.93 2.95 2.95 2.93 2.89 2.82 2.76 2.75 2.76 2.78 2.83 2.91 3.01 3.10 3.18 3.20 3.17 3.10 3.00 2.92 2.87 3.04 3.68 4.38 4.85 5.12
3.84 3.78 3.63 3.43 3.19 2.96 2.81 2.74 2.74 2.78 2.87 2.99 3.09 3.14 3.17 3.20 3.19 3.15 3.11 3.06 2.99 2.89 2.73 2.48 2.16 1.85 1.59 1.41 1.31 1.27 1.26 1.33 1.47 1.67 1.87 2.00 2.09 2.13 2.16 2.21 2.34 2.53 2.71 2.83 2.89 2.91 2.91 2.88 2.83 2.71 2.56 2.41 2.34 2.37 2.45 2.55 2.64 2.71 2.73 2.71 2.69 2.68 2.68 2.66 2.66 2.70 2.74 2.77 2.81 2.87 2.94 3.00 3.05 3.06 3.01 2.91 2.79 2.67 2.59 2.70 3.25 3.95 4.51 4.93
3.81 3.77 3.65 3.47 3.25 3.02 2.84 2.75 2.74 2.79 2.89 3.02 3.15 3.23 3.33 3.44 3.51 3.52 3.48 3.40 3.33 3.27 3.13 2.89 2.54 2.17 1.86 1.63 1.48 1.37 1.31 1.31 1.37 1.48 1.62 1.74 1.86 1.93 1.95 1.98 2.08 2.27 2.48 2.65 2.74 2.76 2.74 2.71 2.69 2.63 2.52 2.40 2.32 2.31 2.35 2.43 2.52 2.58 2.61 2.60 2.59 2.59 2.61 2.65 2.70 2.77 2.84 2.89 2.92 2.96 2.98 2.98 2.97 2.93 2.86 2.76 2.64 2.53 2.47 2.55 2.95 3.53 4.05 4.55
3.81 3.76 3.65 3.49 3.30 3.10 2.91 2.80 2.77 2.81 2.90 3.03 3.14 3.24 3.36 3.51 3.59 3.61 3.58 3.53 3.50 3.49 3.42 3.24 2.93 2.57 2.23 1.96 1.76 1.57 1.43 1.36 1.33 1.35 1.40 1.47 1.58 1.67 1.71 1.75 1.83 1.98 2.22 2.43 2.54 2.58 2.54 2.50 2.51 2.52 2.51 2.46 2.40 2.37 2.37 2.41 2.46 2.51 2.54 2.56 2.58 2.61 2.66 2.71 2.77 2.85 2.93 2.99 3.02 3.04 3.04 3.01 2.94 2.86 2.76 2.65 2.55 2.48 2.45 2.50 2.76 3.18 3.60 4.06
3.81 3.75 3.62 3.48 3.32 3.16 2.99 2.87 2.82 2.83 2.89 2.99 3.07 3.15 3.27 3.39 3.47 3.49 3.48 3.46 3.48 3.53 3.54 3.45 3.25 2.98 2.67 2.37 2.12 1.88 1.67 1.51 1.40 1.34 1.31 1.32 1.36 1.42 1.48 1.53 1.58 1.69 1.90 2.12 2.27 2.34 2.35 2.34 2.38 2.44 2.51 2.55 2.55 2.54 2.52 2.50 2.49 2.47 2.48 2.52 2.59 2.67 2.75 2.81 2.86 2.92 2.97 3.02 3.05 3.07 3.08 3.05 2.98 2.87 2.75 2.64 2.54 2.50 2.50 2.54 2.67 2.93 3.26 3.65
3.81 3.74 3.60 3.46 3.33 3.19 3.06 2.93 2.85 2.82 2.86 2.91 2.94 2.98 3.02 3.08 3.11 3.11 3.09 3.12 3.21 3.33 3.45 3.48 3.41 3.28 3.06 2.80 2.55 2.27 1.99 1.75 1.55 1.40 1.30 1.24 1.22 1.24 1.28 1.32 1.36 1.43 1.58 1.78 1.93 2.04 2.11 2.15 2.22 2.33 2.47 2.58 2.64 2.65 2.62 2.57 2.51 2.45 2.42 2.46 2.55 2.67 2.78 2.86 2.92 2.96 3.00 3.03 3.05 3.07 3.08 3.08 3.02 2.92 2.81 2.70 2.61 2.57 2.57 2.59 2.64 2.79 3.05 3.36
3.81 3.74 3.57 3.43 3.31 3.20 3.08 2.97 2.87 2.81 2.80 2.80 2.77 2.72 2.67 2.63 2.57 2.49 2.46 2.53 2.69 2.90 3.15 3.35 3.43 3.40 3.29 3.14 2.96 2.69 2.35 2.03 1.76 1.52 1.34 1.23 1.15 1.11 1.11 1.13 1.15 1.19 1.28 1.42 1.53 1.63 1.72 1.80 1.93 2.10 2.33 2.50 2.60 2.64 2.62 2.56 2.49 2.40 2.33 2.34 2.43 2.56 2.69 2.80 2.89 2.96 3.00 3.03 3.04 3.05 3.07 3.07 3.04 2.98 2.91 2.83 2.75 2.68 2.63 2.61 2.64 2.75 2.94 3.17
3.84 3.74 3.55 3.41 3.29 3.19 3.10 3.00 2.90 2.82 2.77 2.72 2.63 2.50 2.38 2.27 2.17 2.06 2.02 2.07 2.22 2.45 2.75 3.07 3.28 3.36 3.34 3.34 3.28 3.08 2.74 2.37 2.03 1.71 1.46 1.29 1.16 1.07 1.03 1.02 1.03 1.05 1.10 1.18 1.24 1.30 1.38 1.50 1.67 1.87 2.13 2.35 2.46 2.51 2.51 2.48 2.41 2.30 2.21 2.19 2.26 2.38 2.51 2.64 2.75 2.85 2.92 2.97 3.00 3.02 3.03 3.04 3.02 2.99 2.96 2.93 2.88 2.79 2.69 2.63 2.64 2.73 2.87 3.05
