code/windninja/wind/local_muchsmall_0_3_11m_vel.asc
ncols	153
nrows	132
xllcorner	346318.381841
yllcorner	2645299.947190
cellsize	10.620000
NODATA_value	-32768.000000
[rows 0 to 37 of 132, columns 0 to 83 of 153]
4.61 4.62 4.64 4.67 4.69 4.72 4.74 4.77 4.80 4.83 4.86 4.89 4.92 4.95 4.97 4.99 5.01 5.03 5.04 5.04 5.05 5.06 5.12 5.12 5.13 5.14 5.17 5.21 5.25 5.30 5.35 5.40 5.45 5.51 5.55 5.59 5.63 5.66 5.68 5.70 5.70 5.70 5.70 5.68 5.35 5.32 5.32 5.35 5.39 5.45 5.52 5.60 5.68 5.76 5.83 5.89 5.94 5.98 6.01 6.02 6.03 6.02 6.01 5.99 5.97 5.85 5.83 5.83 5.83 5.83 5.84 5.86 5.87 5.89 5.91 5.92 5.94 5.95 5.95 5.95 5.94 5.92 5.90 5.87
4.61 4.62 4.64 4.67 4.69 4.72 4.74 4.77 4.80 4.83 4.86 4.89 4.92 4.95 4.97 4.99 5.01 5.03 5.04 5.04 5.05 5.06 5.12 5.12 5.13 5.14 5.17 5.21 5.25 5.30 5.35 5.40 5.45 5.51 5.55 5.59 5.63 5.66 5.68 5.70 5.70 5.70 5.70 5.68 5.35 5.32 5.32 5.35 5.39 5.45 5.52 5.60 5.68 5.76 5.83 5.89 5.94 5.98 6.01 6.02 6.03 6.02 6.01 5.99 5.97 5.85 5.83 5.83 5.83 5.83 5.84 5.86 5.87 5.89 5.91 5.92 5.94 5.95 5.95 5.95 5.94 5.92 5.90 5.87
4.61 4.62 4.64 4.67 4.69 4.72 4.74 4.77 4.80 4.83 4.86 4.89 4.92 4.95 4.97 4.99 5.01 5.03 5.04 5.04 5.05 5.06 5.12 5.12 5.13 5.14 5.17 5.21 5.25 5.30 5.35 5.40 5.45 5.51 5.55 5.59 5.63 5.66 5.68 5.70 5.70 5.70 5.70 5.68 5.35 5.32 5.32 5.35 5.39 5.45 5.52 5.60 5.68 5.76 5.83 5.89 5.94 5.98 6.01 6.02 6.03 6.02 6.01 5.99 5.97 5.85 5.83 5.83 5.83 5.83 5.84 5.86 5.87 5.89 5.91 5.92 5.94 5.95 5.95 5.95 5.94 5.92 5.90 5.87
4.61 4.62 4.64 4.67 4.69 4.72 4.74 4.77 4.80 4.83 4.86 4.89 4.92 4.95 4.97 5.00 5.02 5.03 5.04 5.05 5.05 5.06 5.12 5.11 5.12 5.14 5.17 5.21 5.25 5.30 5.35 5.40 5.46 5.51 5.56 5.60 5.63 5.66 5.69 5.70 5.71 5.71 5.70 5.69 5.34 5.30 5.31 5.34 5.39 5.45 5.52 5.60 5.68 5.76 5.84 5.90 5.95 5.99 6.02 6.03 6.04 6.03 6.02 5.99 5.97 5.86 5.83 5.82 5.82 5.83 5.84 5.86 5.88 5.90 5.91 5.93 5.94 5.95 5.96 5.95 5.94 5.93 5.90 5.87
4.61 4.62 4.64 4.67 4.69 4.72 4.75 4.77 4.80 4.83 4.87 4.90 4.93 4.96 4.98 5.01 5.03 5.04 5.05 5.06 5.06 5.07 5.11 5.10 5.11 5.13 5.16 5.20 5.25 5.30 5.36 5.42 5.47 5.52 5.57 5.62 5.65 5.68 5.71 5.72 5.73 5.73 5.73 5.71 5.30 5.26 5.27 5.31 5.36 5.44 5.52 5.61 5.70 5.78 5.85 5.92 5.97 6.01 6.04 6.05 6.06 6.05 6.03 6.01 5.99 5.86 5.83 5.82 5.82 5.83 5.84 5.86 5.88 5.90 5.93 5.95 5.96 5.97 5.97 5.97 5.96 5.94 5.92 5.89
4.61 4.62 4.64 4.67 4.69 4.72 4.75 4.78 4.81 4.84 4.87 4.90 4.94 4.97 5.00 5.03 5.05 5.06 5.08 5.08 5.08 5.09 5.10 5.09 5.10 5.12 5.15 5.20 5.25 5.31 5.37 5.43 5.49 5.55 5.60 5.64 5.68 5.71 5.74 5.75 5.77 5.77 5.76 5.75 5.24 5.20 5.21 5.26 5.33 5.41 5.51 5.61 5.72 5.81 5.89 5.96 6.01 6.05 6.08 6.09 6.10 6.09 6.07 6.04 6.02 5.87 5.84 5.83 5.83 5.83 5.85 5.87 5.89 5.92 5.94 5.97 5.98 5.99 6.00 5.99 5.98 5.97 5.95 5.92
4.61 4.62 4.64 4.67 4.69 4.72 4.75 4.78 4.81 4.84 4.88 4.92 4.95 4.99 5.02 5.05 5.07 5.09 5.10 5.11 5.11 5.11 5.09 5.08 5.09 5.11 5.15 5.20 5.25 5.32 5.39 5.45 5.52 5.58 5.63 5.68 5.72 5.75 5.77 5.79 5.80 5.81 5.80 5.78 5.15 5.11 5.14 5.19 5.28 5.39 5.51 5.63 5.75 5.86 5.94 6.02 6.07 6.11 6.14 6.15 6.15 6.14 6.12 6.09 6.06 5.89 5.85 5.84 5.83 5.84 5.86 5.88 5.91 5.94 5.97 6.00 6.02 6.03 6.03 6.03 6.02 6.01 5.98 5.95
4.61 4.62 4.64 4.67 4.69 4.72 4.75 4.78 4.82 4.85 4.89 4.93 4.97 5.01 5.05 5.08 5.11 5.12 5.14 5.14 5.14 5.14 5.10 5.07 5.08 5.10 5.14 5.20 5.27 5.34 5.42 5.49 5.56 5.62 5.68 5.72 5.76 5.79 5.82 5.83 5.85 5.85 5.86 5.85 5.06 5.01 5.04 5.12 5.24 5.38 5.53 5.68 5.81 5.93 6.02 6.10 6.15 6.19 6.20 6.21 6.21 6.19 6.17 6.14 6.11 5.94 5.90 5.87 5.86 5.86 5.88 5.92 5.95 5.98 6.01 6.04 6.06 6.07 6.08 6.07 6.06 6.05 6.02 5.99
4.61 4.62 4.65 4.67 4.70 4.72 4.75 4.79 4.82 4.86 4.90 4.94 4.99 5.03 5.07 5.11 5.13 5.15 5.17 5.17 5.17 5.17 5.13 5.09 5.09 5.11 5.16 5.22 5.30 5.38 5.45 5.53 5.60 5.67 5.72 5.77 5.81 5.83 5.85 5.86 5.87 5.90 5.90 5.88 4.96 4.89 4.96 5.06 5.22 5.41 5.60 5.78 5.92 6.04 6.13 6.19 6.24 6.26 6.27 6.27 6.26 6.24 6.22 6.19 6.16 6.03 5.98 5.94 5.92 5.91 5.94 5.97 6.01 6.04 6.07 6.09 6.11 6.12 6.12 6.12 6.10 6.09 6.06 6.03
4.61 4.62 4.65 4.67 4.70 4.73 4.76 4.79 4.82 4.86 4.91 4.95 5.00 5.04 5.09 5.12 5.15 5.17 5.19 5.19 5.19 5.21 5.23 5.19 5.15 5.15 5.21 5.28 5.36 5.44 5.51 5.58 5.65 5.71 5.76 5.80 5.83 5.85 5.86 5.87 5.86 5.87 5.96 6.00 4.93 4.85 4.87 5.02 5.27 5.53 5.76 5.95 6.09 6.19 6.26 6.30 6.32 6.33 6.33 6.32 6.30 6.26 6.23 6.22 6.23 6.23 6.19 6.08 6.02 6.02 6.04 6.07 6.10 6.13 6.14 6.16 6.16 6.16 6.16 6.15 6.13 6.11 6.08 6.04
4.61 4.62 4.65 4.67 4.70 4.73 4.75 4.79 4.82 4.86 4.90 4.95 5.00 5.04 5.08 5.12 5.15 5.17 5.19 5.18 5.17 5.23 5.52 5.34 5.20 5.24 5.31 5.39 5.46 5.53 5.59 5.64 5.69 5.73 5.77 5.80 5.83 5.84 5.84 5.83 5.81 5.75 5.80 5.98 5.06 4.72 4.74 5.10 5.46 5.80 6.06 6.24 6.34 6.39 6.41 6.40 6.39 6.37 6.35 6.33 6.30 6.26 6.20 6.14 6.25 6.77 6.52 6.24 6.20 6.20 6.22 6.24 6.24 6.24 6.23 6.22 6.21 6.19 6.18 6.16 6.13 6.11 6.07 6.04
4.61 4.62 4.65 4.67 4.70 4.73 4.75 4.78 4.81 4.84 4.88 4.92 4.96 4.99 5.02 5.05 5.06 5.07 5.07 5.06 5.02 5.15 5.81 5.45 5.35 5.42 5.49 5.56 5.61 5.65 5.67 5.68 5.70 5.71 5.72 5.72 5.71 5.68 5.64 5.59 5.54 5.45 5.26 5.64 5.59 4.73 4.95 5.40 5.81 6.18 6.43 6.58 6.62 6.60 6.54 6.47 6.42 6.36 6.32 6.27 6.22 6.16 6.09 5.94 6.19 7.25 6.72 6.44 6.43 6.43 6.43 6.42 6.40 6.36 6.32 6.27 6.23 6.19 6.15 6.11 6.07 6.04 5.99 5.95
4.61 4.63 4.65 4.68 4.70 4.73 4.75 4.78 4.81 4.83 4.86 4.89 4.91 4.93 4.94 4.93 4.90 4.84 4.77 4.68 4.62 5.29 5.68 5.51 5.55 5.57 5.60 5.62 5.64 5.66 5.67 5.67 5.67 5.69 5.67 5.56 5.33 5.02 4.66 4.32 4.10 4.02 4.62 7.70 8.31 6.56 6.55 6.54 6.58 6.63 6.66 6.67 6.67 6.66 6.63 6.54 6.45 6.36 6.26 6.15 6.03 5.89 5.75 5.69 6.69 7.12 6.67 6.63 6.57 6.53 6.49 6.45 6.41 6.36 6.32 6.28 6.23 6.17 6.12 6.06 6.00 5.94 5.86 5.78
4.61 4.63 4.65 4.68 4.71 4.73 4.75 4.78 4.80 4.82 4.83 4.85 4.85 4.85 4.83 4.79 4.74 4.67 4.61 4.55 4.62 4.94 5.27 5.45 5.56 5.63 5.66 5.68 5.69 5.69 5.68 5.66 5.63 5.59 5.50 5.32 5.04 4.69 4.34 4.05 3.91 4.00 4.84 6.17 6.82 6.76 6.72 6.74 6.75 6.78 6.79 6.78 6.76 6.72 6.65 6.50 6.35 6.21 6.07 5.92 5.78 5.65 5.56 5.70 6.14 6.47 6.58 6.63 6.63 6.59 6.56 6.51 6.45 6.39 6.33 6.26 6.18 6.10 6.02 5.93 5.85 5.76 5.67 5.60
4.62 4.63 4.66 4.69 4.71 4.74 4.76 4.77 4.79 4.80 4.81 4.82 4.82 4.80 4.77 4.73 4.67 4.62 4.58 4.59 4.69 4.87 5.11 5.32 5.46 5.56 5.61 5.64 5.66 5.65 5.63 5.60 5.54 5.47 5.33 5.11 4.83 4.52 4.24 4.04 3.98 4.20 4.78 5.42 6.03 6.42 6.54 6.61 6.66 6.70 6.72 6.71 6.68 6.62 6.52 6.35 6.18 6.01 5.84 5.69 5.56 5.46 5.48 5.64 5.90 6.18 6.39 6.48 6.52 6.52 6.49 6.45 6.39 6.33 6.25 6.17 6.08 5.98 5.88 5.78 5.68 5.59 5.51 5.45
4.62 4.64 4.67 4.70 4.72 4.74 4.76 4.78 4.79 4.80 4.80 4.80 4.79 4.77 4.74 4.70 4.66 4.62 4.61 4.63 4.72 4.87 5.04 5.22 5.36 5.46 5.52 5.55 5.57 5.56 5.54 5.49 5.42 5.33 5.17 4.97 4.72 4.47 4.27 4.14 4.15 4.36 4.74 5.23 5.69 6.04 6.28 6.39 6.46 6.51 6.52 6.51 6.47 6.39 6.27 6.12 5.95 5.79 5.63 5.50 5.40 5.36 5.40 5.54 5.76 5.98 6.16 6.28 6.33 6.35 6.33 6.30 6.25 6.18 6.11 6.02 5.93 5.83 5.72 5.62 5.53 5.44 5.38 5.35
4.63 4.64 4.68 4.71 4.73 4.76 4.77 4.79 4.80 4.80 4.80 4.80 4.79 4.76 4.73 4.70 4.67 4.65 4.65 4.68 4.76 4.87 5.00 5.14 5.26 5.35 5.41 5.44 5.45 5.45 5.42 5.37 5.30 5.20 5.05 4.88 4.69 4.50 4.36 4.30 4.34 4.52 4.81 5.16 5.51 5.80 6.00 6.13 6.21 6.25 6.26 6.24 6.19 6.10 5.99 5.86 5.73 5.59 5.47 5.37 5.31 5.30 5.35 5.47 5.63 5.79 5.94 6.04 6.10 6.12 6.11 6.09 6.04 5.99 5.92 5.84 5.75 5.66 5.57 5.48 5.40 5.34 5.29 5.28
4.63 4.65 4.69 4.72 4.75 4.77 4.79 4.80 4.80 4.80 4.80 4.80 4.79 4.77 4.74 4.72 4.70 4.69 4.70 4.73 4.79 4.88 4.98 5.08 5.17 5.24 5.29 5.32 5.34 5.33 5.30 5.25 5.18 5.09 4.97 4.83 4.69 4.56 4.47 4.45 4.51 4.66 4.88 5.14 5.39 5.61 5.77 5.88 5.95 5.98 5.99 5.96 5.91 5.83 5.73 5.63 5.53 5.43 5.35 5.28 5.25 5.26 5.31 5.40 5.51 5.62 5.73 5.81 5.85 5.88 5.87 5.86 5.82 5.77 5.72 5.65 5.58 5.51 5.43 5.36 5.30 5.25 5.23 5.22
4.64 4.66 4.70 4.74 4.77 4.79 4.80 4.81 4.81 4.81 4.80 4.80 4.79 4.77 4.75 4.73 4.72 4.72 4.73 4.76 4.81 4.88 4.95 5.03 5.10 5.16 5.19 5.22 5.23 5.22 5.19 5.14 5.09 5.01 4.91 4.80 4.70 4.61 4.57 4.57 4.63 4.75 4.92 5.11 5.30 5.46 5.58 5.67 5.72 5.75 5.74 5.72 5.67 5.59 5.51 5.43 5.36 5.29 5.24 5.20 5.19 5.20 5.24 5.31 5.39 5.47 5.54 5.60 5.63 5.65 5.65 5.64 5.61 5.58 5.53 5.48 5.42 5.36 5.31 5.26 5.21 5.18 5.16 5.17
4.65 4.67 4.72 4.76 4.79 4.81 4.82 4.83 4.83 4.82 4.81 4.81 4.80 4.78 4.76 4.75 4.74 4.74 4.75 4.78 4.82 4.87 4.93 4.99 5.04 5.08 5.11 5.13 5.13 5.12 5.09 5.06 5.01 4.94 4.86 4.78 4.71 4.66 4.63 4.65 4.70 4.80 4.93 5.07 5.21 5.33 5.42 5.49 5.53 5.55 5.54 5.51 5.46 5.39 5.32 5.27 5.22 5.17 5.13 5.11 5.11 5.13 5.16 5.21 5.26 5.32 5.37 5.41 5.44 5.46 5.46 5.45 5.43 5.40 5.36 5.32 5.28 5.23 5.19 5.15 5.12 5.10 5.10 5.10
4.66 4.69 4.74 4.77 4.80 4.82 4.83 4.84 4.83 4.82 4.81 4.81 4.80 4.78 4.76 4.75 4.75 4.76 4.77 4.79 4.83 4.87 4.91 4.95 4.99 5.02 5.04 5.06 5.05 5.04 5.01 4.98 4.94 4.89 4.83 4.77 4.72 4.69 4.68 4.69 4.75 4.82 4.92 5.03 5.13 5.22 5.29 5.34 5.36 5.37 5.36 5.33 5.28 5.23 5.17 5.12 5.09 5.06 5.04 5.02 5.03 5.04 5.07 5.10 5.14 5.19 5.22 5.25 5.27 5.28 5.29 5.28 5.26 5.24 5.21 5.18 5.14 5.11 5.08 5.06 5.04 5.03 5.02 5.03
4.68 4.70 4.75 4.78 4.80 4.82 4.83 4.83 4.83 4.82 4.80 4.80 4.78 4.77 4.76 4.75 4.76 4.77 4.78 4.80 4.83 4.86 4.89 4.92 4.95 4.97 4.99 4.99 4.99 4.97 4.95 4.93 4.89 4.85 4.80 4.76 4.73 4.71 4.70 4.72 4.76 4.83 4.90 4.98 5.05 5.12 5.17 5.20 5.22 5.22 5.20 5.17 5.13 5.08 5.03 5.00 4.97 4.95 4.94 4.93 4.94 4.95 4.97 5.00 5.03 5.06 5.09 5.11 5.12 5.13 5.13 5.13 5.11 5.10 5.08 5.05 5.03 5.00 4.98 4.97 4.95 4.95 4.94 4.95
4.67 4.68 4.70 4.72 4.73 4.74 4.75 4.75 4.75 4.75 4.74 4.75 4.75 4.74 4.74 4.75 4.76 4.77 4.78 4.80 4.82 4.85 4.87 4.89 4.91 4.93 4.94 4.94 4.93 4.92 4.90 4.88 4.85 4.81 4.78 4.75 4.73 4.71 4.72 4.73 4.77 4.82 4.87 4.93 4.98 5.03 5.06 5.09 5.09 5.08 5.07 5.04 5.00 4.96 4.91 4.88 4.87 4.85 4.84 4.84 4.85 4.86 4.88 4.90 4.92 4.94 4.96 4.98 4.99 4.99 5.00 4.99 4.98 4.97 4.95 4.94 4.92 4.90 4.89 4.88 4.87 4.86 4.86 4.87
4.65 4.63 4.59 4.58 4.58 4.58 4.58 4.59 4.60 4.61 4.64 4.67 4.69 4.71 4.73 4.74 4.76 4.77 4.78 4.80 4.82 4.84 4.86 4.87 4.89 4.90 4.90 4.90 4.89 4.88 4.86 4.84 4.82 4.79 4.76 4.74 4.72 4.71 4.72 4.73 4.76 4.79 4.83 4.87 4.91 4.94 4.97 4.98 4.98 4.97 4.95 4.92 4.88 4.84 4.80 4.78 4.76 4.75 4.75 4.75 4.76 4.77 4.78 4.80 4.81 4.83 4.84 4.86 4.86 4.87 4.87 4.87 4.86 4.85 4.84 4.83 4.81 4.80 4.80 4.79 4.78 4.78 4.78 4.79
4.64 4.60 4.53 4.50 4.48 4.48 4.48 4.49 4.50 4.53 4.57 4.62 4.66 4.69 4.71 4.73 4.75 4.77 4.79 4.80 4.82 4.83 4.84 4.85 4.86 4.87 4.87 4.87 4.86 4.84 4.83 4.81 4.79 4.77 4.74 4.73 4.72 4.71 4.71 4.72 4.74 4.77 4.79 4.82 4.85 4.87 4.88 4.88 4.87 4.86 4.84 4.81 4.78 4.74 4.70 4.68 4.67 4.66 4.66 4.66 4.67 4.67 4.69 4.70 4.71 4.72 4.73 4.74 4.75 4.76 4.76 4.75 4.75 4.74 4.73 4.72 4.71 4.71 4.70 4.70 4.70 4.70 4.70 4.71
4.63 4.60 4.54 4.49 4.47 4.46 4.46 4.47 4.49 4.52 4.56 4.61 4.64 4.67 4.71 4.73 4.75 4.77 4.79 4.80 4.81 4.82 4.83 4.84 4.85 4.85 4.85 4.84 4.83 4.81 4.80 4.78 4.76 4.74 4.73 4.72 4.71 4.70 4.70 4.71 4.72 4.74 4.75 4.77 4.79 4.80 4.80 4.79 4.78 4.76 4.74 4.71 4.68 4.64 4.60 4.59 4.58 4.57 4.57 4.57 4.58 4.58 4.59 4.60 4.61 4.62 4.63 4.64 4.64 4.65 4.65 4.65 4.64 4.64 4.63 4.63 4.62 4.62 4.61 4.61 4.61 4.62 4.62 4.63
4.63 4.60 4.55 4.51 4.48 4.47 4.47 4.48 4.51 4.53 4.57 4.61 4.64 4.68 4.71 4.74 4.76 4.78 4.79 4.80 4.81 4.82 4.83 4.83 4.83 4.83 4.83 4.82 4.81 4.79 4.78 4.76 4.74 4.73 4.71 4.70 4.69 4.68 4.68 4.68 4.69 4.70 4.71 4.72 4.73 4.73 4.72 4.71 4.69 4.67 4.65 4.62 4.58 4.55 4.51 4.50 4.49 4.48 4.48 4.48 4.49 4.49 4.50 4.51 4.52 4.53 4.54 4.54 4.55 4.55 4.55 4.55 4.55 4.54 4.54 4.53 4.53 4.53 4.53 4.53 4.53 4.53 4.54 4.54
4.62 4.60 4.57 4.53 4.51 4.51 4.51 4.52 4.54 4.57 4.60 4.63 4.66 4.69 4.72 4.75 4.77 4.79 4.80 4.81 4.82 4.82 4.82 4.83 4.83 4.82 4.81 4.80 4.79 4.77 4.76 4.74 4.73 4.71 4.70 4.69 4.67 4.67 4.66 4.66 4.66 4.66 4.67 4.67 4.67 4.66 4.65 4.64 4.61 4.59 4.56 4.53 4.49 4.46 4.42 4.41 4.40 4.39 4.39 4.39 4.40 4.41 4.41 4.42 4.43 4.43 4.44 4.45 4.45 4.45 4.45 4.45 4.45 4.45 4.44 4.44 4.44 4.44 4.44 4.44 4.45 4.45 4.46 4.46
4.63 4.61 4.58 4.56 4.55 4.55 4.55 4.56 4.58 4.60 4.63 4.66 4.68 4.72 4.74 4.77 4.78 4.80 4.81 4.82 4.82 4.82 4.82 4.82 4.82 4.81 4.80 4.78 4.77 4.76 4.74 4.73 4.71 4.70 4.68 4.67 4.66 4.65 4.64 4.63 4.63 4.63 4.62 4.62 4.61 4.60 4.58 4.56 4.54 4.51 4.48 4.44 4.41 4.37 4.33 4.32 4.31 4.31 4.31 4.31 4.31 4.32 4.33 4.33 4.34 4.34 4.35 4.35 4.36 4.36 4.36 4.36 4.36 4.36 4.35 4.35 4.35 4.35 4.36 4.36 4.37 4.37 4.38 4.38
4.63 4.62 4.60 4.59 4.58 4.58 4.59 4.60 4.62 4.64 4.67 4.69 4.72 4.74 4.77 4.79 4.81 4.82 4.82 4.83 4.83 4.83 4.83 4.82 4.81 4.80 4.79 4.78 4.76 4.74 4.73 4.71 4.70 4.68 4.67 4.65 4.64 4.62 4.61 4.60 4.59 4.59 4.58 4.57 4.56 4.54 4.52 4.49 4.46 4.43 4.40 4.36 4.32 4.28 4.24 4.23 4.23 4.22 4.22 4.23 4.23 4.23 4.24 4.25 4.25 4.26 4.26 4.26 4.27 4.27 4.27 4.27 4.27 4.27 4.27 4.26 4.26 4.27 4.27 4.28 4.29 4.29 4.30 4.31
4.63 4.63 4.62 4.62 4.61 4.62 4.63 4.64 4.66 4.68 4.70 4.72 4.75 4.78 4.80 4.82 4.83 4.84 4.84 4.84 4.84 4.84 4.83 4.83 4.81 4.80 4.79 4.77 4.75 4.73 4.72 4.70 4.68 4.67 4.65 4.64 4.62 4.60 4.59 4.57 4.56 4.55 4.53 4.52 4.50 4.48 4.45 4.43 4.40 4.36 4.32 4.28 4.24 4.20 4.16 4.15 4.14 4.14 4.14 4.14 4.15 4.15 4.16 4.16 4.17 4.17 4.17 4.18 4.18 4.18 4.18 4.18 4.18 4.18 4.18 4.18 4.18 4.18 4.19 4.20 4.20 4.21 4.22 4.23
4.64 4.64 4.64 4.64 4.64 4.65 4.66 4.68 4.70 4.72 4.74 4.75 4.78 4.81 4.83 4.84 4.85 4.86 4.86 4.86 4.85 4.85 4.84 4.83 4.81 4.80 4.78 4.76 4.74 4.73 4.71 4.69 4.67 4.66 4.64 4.62 4.60 4.58 4.56 4.54 4.53 4.51 4.49 4.47 4.44 4.42 4.39 4.36 4.33 4.29 4.25 4.21 4.16 4.11 4.07 4.06 4.06 4.06 4.06 4.06 4.06 4.07 4.07 4.08 4.08 4.09 4.09 4.09 4.09 4.10 4.10 4.10 4.10 4.10 4.10 4.10 4.10 4.10 4.11 4.12 4.13 4.13 4.14 4.15
4.64 4.64 4.65 4.66 4.67 4.68 4.69 4.71 4.73 4.75 4.77 4.79 4.82 4.84 4.86 4.87 4.88 4.88 4.88 4.87 4.86 4.86 4.84 4.83 4.81 4.80 4.78 4.76 4.74 4.72 4.70 4.68 4.66 4.65 4.62 4.60 4.58 4.56 4.54 4.51 4.49 4.47 4.45 4.42 4.39 4.36 4.33 4.30 4.26 4.22 4.18 4.13 4.09 4.04 3.99 3.98 3.98 3.98 3.98 3.98 3.99 3.99 3.99 4.00 4.00 4.01 4.01 4.01 4.01 4.02 4.02 4.02 4.02 4.02 4.02 4.02 4.02 4.03 4.03 4.04 4.05 4.06 4.07 4.08
4.64 4.65 4.66 4.68 4.69 4.71 4.72 4.74 4.76 4.78 4.80 4.82 4.85 4.87 4.88 4.89 4.89 4.89 4.89 4.88 4.87 4.86 4.84 4.83 4.81 4.79 4.77 4.75 4.73 4.71 4.69 4.67 4.65 4.63 4.61 4.59 4.56 4.54 4.51 4.49 4.46 4.44 4.41 4.38 4.35 4.31 4.28 4.24 4.20 4.16 4.12 4.07 4.02 3.97 3.93 3.92 3.92 3.92 3.92 3.92 3.92 3.92 3.93 3.93 3.94 3.94 3.94 3.94 3.95 3.95 3.95 3.95 3.95 3.95 3.95 3.95 3.95 3.96 3.97 3.98 3.98 3.99 4.00 4.01
4.65 4.66 4.68 4.70 4.72 4.74 4.75 4.77 4.79 4.80 4.82 4.85 4.87 4.89 4.90 4.90 4.89 4.89 4.88 4.87 4.86 4.85 4.83 4.82 4.80 4.78 4.76 4.74 4.72 4.70 4.68 4.66 4.64 4.62 4.60 4.57 4.55 4.52 4.50 4.47 4.44 4.42 4.39 4.35 4.32 4.29 4.25 4.21 4.17 4.13 4.09 4.04 3.99 3.94 3.90 3.89 3.89 3.88 3.88 3.89 3.89 3.89 3.89 3.90 3.90 3.90 3.91 3.91 3.91 3.91 3.91 3.91 3.91 3.91 3.91 3.91 3.91 3.92 3.93 3.94 3.95 3.96 3.97 3.98
4.66 4.67 4.70 4.72 4.74 4.76 4.78 4.80 4.81 4.82 4.84 4.87 4.89 4.90 4.89 4.89 4.88 4.87 4.86 4.85 4.84 4.82 4.81 4.79 4.77 4.76 4.74 4.72 4.70 4.68 4.66 4.64 4.63 4.61 4.59 4.56 4.54 4.52 4.49 4.46 4.44 4.41 4.38 4.35 4.32 4.28 4.25 4.21 4.17 4.13 4.09 4.05 4.00 3.95 3.91 3.90 3.90 3.89 3.89 3.89 3.90 3.90 3.90 3.90 3.90 3.91 3.91 3.91 3.91 3.91 3.91 3.91 3.91 3.91 3.91 3.91 3.92 3.92 3.93 3.94 3.95 3.96 3.97 3.97
4.67 4.68 4.72 4.75 4.77 4.80 4.81 4.83 4.84 4.84 4.85 4.89 4.90 4.89 4.88 4.87 4.85 4.84 4.83 4.82 4.81 4.79 4.78 4.76 4.74 4.73 4.71 4.69 4.68 4.66 4.65 4.63 4.61 4.59 4.58 4.56 4.54 4.51 4.49 4.47 4.44 4.42 4.39 4.36 4.33 4.29 4.26 4.23 4.19 4.15 4.11 4.07 4.03 3.99 3.95 3.94 3.93 3.92 3.92 3.92 3.92 3.92 3.92 3.92 3.92 3.93 3.93 3.93 3.93 3.93 3.93 3.93 3.93 3.93 3.93 3.93 3.93 3.94 3.95 3.95 3.96 3.97 3.98 3.99
4.68 4.70 4.74 4.78 4.81 4.83 4.85 4.86 4.87 4.87 4.87 4.91 4.90 4.88 4.86 4.84 4.82 4.80 4.79 4.78 4.77 4.75 4.74 4.72 4.71 4.70 4.68 4.67 4.66 4.64 4.63 4.61 4.60 4.58 4.57 4.55 4.53 4.51 4.49 4.47 4.44 4.42 4.39 4.37 4.34 4.31 4.28 4.24 4.21 4.17 4.14 4.10 4.06 4.02 3.99 3.97 3.97 3.96 3.95 3.95 3.95 3.95 3.95 3.95 3.95 3.95 3.95 3.95 3.95 3.95 3.95 3.95 3.95 3.95 3.95 3.95 3.96 3.96 3.97 3.97 3.98 3.99 3.99 4.00
