code/windninja/wind/local_small_20_3_109m_vel.asc
ncols	142
nrows	142
xllcorner	339121.357320
yllcorner	2641958.613096
cellsize	109.440000
NODATA_value	-32768.000000
[rows 38 to 75 of 142, columns 0 to 83 of 142]
3.85 3.72 3.53 3.40 3.28 3.20 3.13 3.06 2.98 2.90 2.82 2.73 2.60 2.45 2.32 2.22 2.18 2.15 2.12 2.13 2.17 2.27 2.46 2.75 3.00 3.19 3.31 3.41 3.45 3.35 3.09 2.74 2.37 1.99 1.69 1.49 1.33 1.22 1.15 1.11 1.08 1.09 1.12 1.17 1.23 1.30 1.38 1.49 1.62 1.78 1.97 2.14 2.25 2.30 2.31 2.30 2.25 2.15 2.07 2.06 2.09 2.17 2.28 2.39 2.49 2.60 2.72 2.82 2.90 2.96 2.99 2.98 2.96 2.94 2.93 2.92 2.89 2.82 2.73 2.65 2.65 2.71 2.83 2.96
3.81 3.71 3.53 3.40 3.30 3.23 3.18 3.14 3.09 3.03 2.93 2.82 2.69 2.54 2.41 2.34 2.35 2.39 2.38 2.34 2.28 2.23 2.28 2.44 2.65 2.87 3.11 3.31 3.45 3.45 3.30 3.05 2.72 2.33 1.99 1.77 1.59 1.47 1.37 1.30 1.25 1.24 1.26 1.32 1.40 1.50 1.59 1.68 1.74 1.80 1.88 1.95 2.01 2.05 2.07 2.08 2.05 1.99 1.94 1.93 1.96 2.01 2.09 2.17 2.25 2.35 2.48 2.62 2.76 2.86 2.91 2.92 2.89 2.86 2.85 2.85 2.83 2.80 2.74 2.69 2.68 2.72 2.82 2.94
3.80 3.70 3.53 3.41 3.32 3.27 3.25 3.23 3.20 3.16 3.08 2.98 2.87 2.75 2.63 2.55 2.55 2.57 2.55 2.48 2.36 2.22 2.14 2.15 2.21 2.39 2.68 3.02 3.30 3.42 3.38 3.25 3.01 2.67 2.32 2.06 1.87 1.74 1.65 1.58 1.54 1.54 1.60 1.70 1.82 1.92 1.96 1.98 1.96 1.91 1.86 1.81 1.79 1.80 1.83 1.88 1.90 1.87 1.84 1.84 1.87 1.92 1.99 2.08 2.16 2.25 2.37 2.51 2.66 2.76 2.82 2.85 2.83 2.80 2.78 2.77 2.77 2.77 2.76 2.73 2.73 2.78 2.87 2.99
3.75 3.69 3.56 3.45 3.38 3.34 3.32 3.31 3.28 3.25 3.20 3.13 3.05 2.96 2.86 2.77 2.72 2.70 2.67 2.60 2.45 2.25 2.07 1.95 1.90 1.97 2.19 2.58 2.98 3.26 3.35 3.33 3.20 2.98 2.67 2.38 2.17 2.03 1.95 1.91 1.90 1.95 2.06 2.18 2.28 2.33 2.33 2.29 2.19 2.04 1.88 1.73 1.65 1.64 1.68 1.76 1.82 1.83 1.82 1.83 1.86 1.92 2.00 2.09 2.18 2.27 2.38 2.49 2.62 2.71 2.77 2.80 2.80 2.79 2.76 2.74 2.73 2.74 2.76 2.76 2.78 2.83 2.92 3.05
3.72 3.69 3.62 3.55 3.48 3.43 3.39 3.35 3.32 3.28 3.23 3.17 3.11 3.06 2.99 2.90 2.82 2.77 2.74 2.68 2.56 2.38 2.19 2.02 1.92 1.91 2.01 2.27 2.61 2.97 3.23 3.33 3.29 3.20 3.00 2.74 2.50 2.34 2.25 2.23 2.26 2.33 2.41 2.49 2.53 2.53 2.51 2.43 2.29 2.09 1.89 1.72 1.62 1.60 1.66 1.78 1.87 1.92 1.93 1.95 1.99 2.04 2.11 2.19 2.29 2.37 2.46 2.55 2.65 2.73 2.79 2.83 2.84 2.82 2.79 2.76 2.72 2.72 2.74 2.76 2.79 2.84 2.94 3.06
3.64 3.68 3.71 3.69 3.63 3.55 3.46 3.39 3.31 3.24 3.17 3.11 3.07 3.04 3.00 2.93 2.85 2.79 2.76 2.73 2.65 2.53 2.37 2.21 2.09 2.01 2.01 2.13 2.34 2.67 3.00 3.22 3.29 3.33 3.27 3.07 2.85 2.66 2.55 2.53 2.56 2.60 2.62 2.63 2.62 2.58 2.52 2.42 2.27 2.08 1.89 1.74 1.65 1.64 1.72 1.86 1.99 2.08 2.13 2.16 2.20 2.24 2.29 2.35 2.42 2.50 2.56 2.63 2.70 2.78 2.84 2.88 2.89 2.87 2.84 2.79 2.73 2.70 2.72 2.75 2.79 2.84 2.93 3.04
3.58 3.66 3.78 3.82 3.78 3.69 3.57 3.43 3.30 3.18 3.06 2.97 2.94 2.94 2.93 2.90 2.85 2.80 2.77 2.75 2.69 2.59 2.45 2.29 2.15 2.05 2.01 2.07 2.21 2.47 2.78 3.05 3.24 3.37 3.41 3.32 3.16 2.98 2.84 2.76 2.73 2.71 2.68 2.63 2.56 2.47 2.38 2.30 2.20 2.06 1.91 1.79 1.72 1.72 1.81 1.97 2.12 2.24 2.31 2.36 2.40 2.43 2.46 2.49 2.53 2.58 2.62 2.66 2.71 2.78 2.83 2.86 2.87 2.86 2.82 2.76 2.71 2.70 2.73 2.77 2.81 2.86 2.93 3.02
3.50 3.61 3.79 3.89 3.89 3.82 3.69 3.51 3.32 3.14 2.94 2.80 2.78 2.80 2.83 2.84 2.84 2.83 2.81 2.78 2.71 2.60 2.45 2.27 2.11 2.00 1.95 2.00 2.12 2.34 2.59 2.84 3.09 3.30 3.40 3.42 3.36 3.23 3.07 2.93 2.83 2.74 2.63 2.49 2.34 2.23 2.18 2.15 2.12 2.06 1.96 1.88 1.80 1.79 1.89 2.06 2.21 2.33 2.41 2.47 2.52 2.54 2.55 2.57 2.59 2.61 2.63 2.65 2.67 2.70 2.74 2.76 2.77 2.76 2.71 2.68 2.66 2.69 2.74 2.80 2.84 2.88 2.94 3.00
3.37 3.50 3.72 3.87 3.94 3.91 3.80 3.62 3.40 3.17 2.90 2.71 2.66 2.69 2.74 2.80 2.85 2.88 2.88 2.85 2.77 2.63 2.45 2.23 2.04 1.90 1.83 1.86 1.96 2.14 2.35 2.57 2.84 3.10 3.28 3.39 3.41 3.34 3.20 3.04 2.90 2.74 2.55 2.34 2.17 2.09 2.09 2.11 2.12 2.09 2.02 1.95 1.87 1.84 1.92 2.06 2.19 2.30 2.38 2.45 2.49 2.52 2.54 2.54 2.56 2.58 2.60 2.62 2.63 2.62 2.63 2.63 2.64 2.63 2.61 2.60 2.61 2.64 2.71 2.78 2.83 2.87 2.92 2.97
3.21 3.33 3.56 3.77 3.90 3.93 3.88 3.74 3.53 3.28 2.96 2.72 2.64 2.64 2.70 2.80 2.90 2.97 2.99 2.96 2.87 2.72 2.50 2.23 1.99 1.81 1.70 1.70 1.75 1.88 2.05 2.25 2.50 2.77 3.02 3.22 3.31 3.31 3.23 3.11 2.95 2.76 2.51 2.29 2.14 2.10 2.13 2.18 2.19 2.16 2.09 2.00 1.91 1.86 1.90 1.98 2.07 2.16 2.23 2.28 2.33 2.37 2.40 2.42 2.45 2.49 2.54 2.58 2.60 2.58 2.55 2.53 2.52 2.54 2.54 2.55 2.56 2.59 2.66 2.72 2.78 2.82 2.88 2.93
3.11 3.17 3.36 3.59 3.79 3.89 3.91 3.83 3.68 3.46 3.14 2.85 2.70 2.66 2.70 2.81 2.94 3.06 3.11 3.10 3.03 2.88 2.64 2.31 2.01 1.79 1.65 1.61 1.62 1.68 1.78 1.93 2.15 2.39 2.65 2.91 3.09 3.17 3.16 3.11 3.00 2.81 2.56 2.34 2.20 2.17 2.21 2.27 2.29 2.26 2.18 2.07 1.94 1.85 1.85 1.87 1.91 1.95 2.00 2.04 2.09 2.16 2.21 2.26 2.31 2.37 2.46 2.53 2.57 2.58 2.55 2.50 2.49 2.49 2.50 2.51 2.51 2.54 2.60 2.67 2.73 2.78 2.84 2.90
3.02 3.06 3.19 3.41 3.65 3.81 3.88 3.86 3.80 3.66 3.40 3.08 2.86 2.74 2.73 2.81 2.95 3.10 3.19 3.22 3.19 3.08 2.86 2.50 2.15 1.89 1.72 1.63 1.59 1.57 1.58 1.67 1.84 2.03 2.26 2.52 2.76 2.93 3.01 3.04 3.01 2.88 2.69 2.47 2.32 2.26 2.29 2.34 2.38 2.36 2.28 2.15 1.99 1.85 1.78 1.75 1.73 1.73 1.76 1.81 1.88 1.95 2.02 2.08 2.16 2.25 2.36 2.45 2.53 2.58 2.58 2.55 2.52 2.50 2.49 2.49 2.48 2.50 2.57 2.65 2.71 2.77 2.82 2.88
2.99 3.00 3.08 3.28 3.52 3.72 3.83 3.86 3.87 3.82 3.66 3.37 3.08 2.87 2.78 2.80 2.91 3.06 3.20 3.28 3.30 3.24 3.09 2.76 2.37 2.06 1.85 1.73 1.64 1.56 1.51 1.54 1.63 1.77 1.94 2.16 2.39 2.61 2.78 2.90 2.95 2.92 2.80 2.63 2.47 2.37 2.36 2.40 2.43 2.43 2.37 2.25 2.07 1.88 1.75 1.66 1.60 1.58 1.60 1.66 1.73 1.80 1.86 1.92 2.01 2.11 2.23 2.34 2.44 2.52 2.56 2.56 2.54 2.51 2.50 2.50 2.49 2.52 2.58 2.66 2.73 2.79 2.83 2.88
2.96 2.97 3.03 3.19 3.40 3.60 3.75 3.83 3.91 3.93 3.84 3.63 3.34 3.07 2.88 2.80 2.84 2.96 3.11 3.26 3.34 3.35 3.28 3.05 2.69 2.33 2.06 1.89 1.76 1.65 1.57 1.53 1.53 1.59 1.71 1.87 2.06 2.25 2.46 2.66 2.81 2.87 2.84 2.75 2.61 2.49 2.42 2.42 2.45 2.47 2.45 2.36 2.19 1.97 1.76 1.61 1.53 1.51 1.53 1.58 1.64 1.69 1.74 1.79 1.85 1.93 2.05 2.16 2.27 2.37 2.44 2.49 2.49 2.49 2.50 2.53 2.55 2.59 2.64 2.70 2.77 2.83 2.87 2.91
2.97 2.95 2.98 3.10 3.27 3.46 3.62 3.76 3.91 3.97 3.92 3.79 3.58 3.31 3.04 2.86 2.81 2.86 2.99 3.18 3.33 3.41 3.43 3.34 3.07 2.72 2.39 2.13 1.95 1.81 1.69 1.58 1.50 1.49 1.54 1.64 1.78 1.93 2.11 2.34 2.55 2.70 2.76 2.74 2.67 2.54 2.44 2.39 2.41 2.46 2.47 2.42 2.30 2.10 1.83 1.61 1.50 1.47 1.47 1.50 1.53 1.56 1.59 1.62 1.66 1.72 1.83 1.94 2.05 2.16 2.27 2.35 2.39 2.43 2.47 2.52 2.59 2.64 2.69 2.74 2.80 2.86 2.90 2.92
2.97 2.95 2.95 3.01 3.11 3.26 3.44 3.64 3.81 3.90 3.89 3.82 3.70 3.50 3.25 3.00 2.85 2.82 2.90 3.06 3.26 3.41 3.51 3.53 3.41 3.15 2.82 2.47 2.20 2.01 1.85 1.68 1.53 1.44 1.42 1.45 1.53 1.64 1.79 1.98 2.20 2.40 2.55 2.61 2.59 2.50 2.38 2.30 2.31 2.37 2.43 2.44 2.37 2.21 1.96 1.67 1.50 1.41 1.38 1.38 1.37 1.37 1.37 1.38 1.42 1.48 1.58 1.70 1.81 1.93 2.06 2.18 2.27 2.34 2.41 2.49 2.57 2.64 2.69 2.75 2.80 2.85 2.88 2.90
2.95 2.91 2.87 2.88 2.92 3.04 3.21 3.42 3.59 3.67 3.69 3.69 3.64 3.53 3.36 3.11 2.89 2.78 2.78 2.89 3.08 3.29 3.46 3.56 3.55 3.44 3.20 2.85 2.50 2.24 2.03 1.80 1.59 1.46 1.39 1.37 1.41 1.48 1.58 1.72 1.90 2.10 2.28 2.41 2.45 2.40 2.29 2.18 2.17 2.23 2.32 2.39 2.38 2.28 2.07 1.77 1.53 1.38 1.30 1.26 1.23 1.19 1.17 1.18 1.22 1.28 1.38 1.49 1.62 1.75 1.88 2.02 2.16 2.28 2.38 2.48 2.56 2.63 2.69 2.74 2.78 2.81 2.83 2.84
2.91 2.82 2.71 2.66 2.67 2.76 2.95 3.15 3.26 3.29 3.31 3.34 3.37 3.36 3.28 3.12 2.91 2.72 2.61 2.64 2.76 2.97 3.23 3.44 3.54 3.53 3.38 3.14 2.81 2.47 2.19 1.91 1.68 1.56 1.49 1.45 1.46 1.51 1.58 1.68 1.80 1.94 2.08 2.21 2.30 2.30 2.20 2.08 2.03 2.06 2.15 2.26 2.31 2.27 2.12 1.86 1.61 1.42 1.28 1.20 1.13 1.09 1.07 1.08 1.11 1.17 1.27 1.38 1.50 1.63 1.77 1.93 2.10 2.25 2.38 2.49 2.58 2.64 2.69 2.72 2.74 2.75 2.75 2.74
2.93 2.79 2.59 2.50 2.47 2.55 2.71 2.87 2.93 2.89 2.88 2.91 2.98 3.05 3.08 3.04 2.91 2.70 2.51 2.43 2.46 2.60 2.84 3.14 3.37 3.45 3.42 3.31 3.05 2.69 2.34 2.01 1.78 1.68 1.63 1.60 1.59 1.61 1.66 1.73 1.82 1.91 2.01 2.12 2.23 2.26 2.19 2.07 1.99 1.98 2.04 2.15 2.23 2.24 2.15 1.94 1.72 1.51 1.32 1.18 1.09 1.06 1.04 1.05 1.09 1.15 1.23 1.33 1.45 1.57 1.71 1.87 2.05 2.21 2.35 2.46 2.55 2.61 2.65 2.67 2.67 2.66 2.64 2.62
3.05 2.87 2.60 2.46 2.41 2.44 2.55 2.65 2.67 2.64 2.64 2.67 2.71 2.77 2.85 2.91 2.90 2.78 2.60 2.44 2.35 2.36 2.50 2.76 3.05 3.28 3.37 3.36 3.18 2.86 2.48 2.11 1.87 1.80 1.78 1.76 1.75 1.76 1.79 1.85 1.92 2.00 2.08 2.19 2.30 2.36 2.33 2.24 2.14 2.09 2.11 2.17 2.23 2.24 2.17 2.01 1.84 1.66 1.45 1.24 1.13 1.11 1.12 1.15 1.19 1.24 1.30 1.39 1.49 1.59 1.71 1.83 1.96 2.10 2.22 2.33 2.41 2.47 2.52 2.54 2.54 2.53 2.51 2.49
3.25 3.06 2.75 2.56 2.47 2.45 2.48 2.51 2.49 2.48 2.52 2.56 2.57 2.60 2.67 2.76 2.85 2.85 2.76 2.59 2.42 2.32 2.34 2.49 2.75 3.06 3.27 3.33 3.24 3.02 2.65 2.23 1.97 1.92 1.92 1.91 1.92 1.92 1.94 1.98 2.04 2.11 2.20 2.31 2.43 2.51 2.52 2.46 2.37 2.29 2.27 2.28 2.29 2.28 2.21 2.10 1.98 1.85 1.65 1.39 1.25 1.24 1.28 1.32 1.36 1.40 1.44 1.50 1.57 1.65 1.73 1.81 1.89 1.98 2.06 2.15 2.22 2.29 2.34 2.37 2.39 2.39 2.37 2.37
3.50 3.34 3.04 2.82 2.68 2.62 2.61 2.57 2.50 2.47 2.52 2.56 2.55 2.55 2.57 2.64 2.75 2.84 2.86 2.79 2.66 2.53 2.45 2.47 2.62 2.89 3.15 3.28 3.27 3.16 2.89 2.45 2.11 2.02 2.02 2.03 2.04 2.05 2.05 2.07 2.11 2.18 2.27 2.38 2.51 2.61 2.66 2.64 2.56 2.48 2.44 2.43 2.42 2.40 2.32 2.21 2.13 2.05 1.91 1.71 1.56 1.52 1.53 1.55 1.57 1.58 1.60 1.63 1.67 1.71 1.76 1.81 1.86 1.90 1.94 1.99 2.05 2.11 2.17 2.21 2.24 2.26 2.27 2.29
3.70 3.58 3.34 3.14 2.97 2.88 2.83 2.76 2.67 2.62 2.65 2.69 2.66 2.62 2.57 2.56 2.64 2.76 2.86 2.89 2.86 2.77 2.65 2.56 2.59 2.78 3.02 3.18 3.25 3.22 3.07 2.71 2.28 2.14 2.13 2.14 2.15 2.16 2.15 2.15 2.16 2.21 2.30 2.41 2.55 2.68 2.75 2.76 2.73 2.66 2.61 2.59 2.57 2.53 2.45 2.36 2.29 2.23 2.16 2.05 1.94 1.85 1.80 1.79 1.78 1.78 1.77 1.77 1.77 1.79 1.81 1.84 1.86 1.87 1.88 1.90 1.94 1.99 2.03 2.08 2.12 2.17 2.20 2.24
3.80 3.72 3.55 3.38 3.22 3.11 3.04 2.97 2.90 2.86 2.90 2.92 2.87 2.79 2.68 2.58 2.57 2.65 2.76 2.84 2.87 2.84 2.74 2.61 2.55 2.64 2.83 3.03 3.16 3.21 3.13 2.87 2.47 2.28 2.25 2.25 2.26 2.26 2.24 2.22 2.21 2.23 2.30 2.41 2.56 2.70 2.80 2.85 2.85 2.81 2.76 2.73 2.70 2.65 2.57 2.49 2.44 2.39 2.34 2.27 2.18 2.07 2.00 1.97 1.95 1.94 1.93 1.91 1.90 1.90 1.90 1.90 1.89 1.88 1.87 1.87 1.88 1.91 1.94 1.99 2.04 2.11 2.17 2.22
3.83 3.78 3.67 3.54 3.40 3.29 3.22 3.16 3.13 3.14 3.17 3.18 3.14 3.04 2.90 2.73 2.62 2.59 2.63 2.70 2.76 2.77 2.71 2.59 2.47 2.48 2.61 2.82 3.02 3.14 3.11 2.91 2.60 2.42 2.37 2.37 2.37 2.36 2.33 2.30 2.27 2.27 2.31 2.40 2.53 2.67 2.80 2.88 2.92 2.91 2.87 2.84 2.80 2.75 2.68 2.60 2.55 2.51 2.47 2.41 2.32 2.21 2.13 2.10 2.09 2.08 2.07 2.05 2.04 2.02 2.00 1.98 1.95 1.92 1.90 1.88 1.88 1.88 1.90 1.94 2.01 2.09 2.17 2.25
3.84 3.81 3.73 3.64 3.53 3.42 3.34 3.30 3.30 3.33 3.37 3.39 3.38 3.31 3.18 3.00 2.84 2.70 2.62 2.59 2.59 2.61 2.57 2.46 2.34 2.32 2.40 2.60 2.85 3.04 3.05 2.93 2.71 2.55 2.49 2.47 2.46 2.45 2.42 2.40 2.37 2.37 2.38 2.42 2.50 2.60 2.72 2.84 2.93 2.96 2.96 2.93 2.89 2.83 2.75 2.67 2.62 2.58 2.55 2.50 2.43 2.34 2.26 2.23 2.21 2.21 2.20 2.19 2.17 2.15 2.11 2.07 2.01 1.96 1.93 1.91 1.90 1.90 1.92 1.96 2.04 2.14 2.25 2.35
3.82 3.80 3.76 3.69 3.61 3.51 3.44 3.41 3.41 3.45 3.49 3.52 3.52 3.48 3.38 3.24 3.07 2.89 2.71 2.55 2.45 2.43 2.38 2.28 2.19 2.17 2.23 2.40 2.66 2.91 2.98 2.94 2.80 2.67 2.59 2.56 2.54 2.52 2.51 2.50 2.50 2.50 2.50 2.49 2.49 2.52 2.62 2.76 2.88 2.96 3.00 3.01 2.97 2.90 2.81 2.72 2.65 2.62 2.59 2.56 2.52 2.46 2.41 2.36 2.34 2.33 2.32 2.31 2.30 2.26 2.21 2.15 2.08 2.01 1.97 1.95 1.94 1.95 1.98 2.03 2.11 2.22 2.36 2.48
3.79 3.78 3.76 3.72 3.65 3.57 3.52 3.48 3.48 3.50 3.52 3.54 3.54 3.50 3.42 3.29 3.13 2.95 2.76 2.56 2.43 2.36 2.29 2.18 2.09 2.08 2.13 2.26 2.49 2.75 2.88 2.91 2.85 2.75 2.67 2.62 2.59 2.57 2.57 2.59 2.61 2.62 2.62 2.59 2.55 2.54 2.59 2.70 2.83 2.93 3.01 3.05 3.04 2.97 2.87 2.77 2.69 2.65 2.63 2.62 2.59 2.56 2.52 2.48 2.45 2.44 2.43 2.42 2.40 2.36 2.30 2.23 2.15 2.09 2.04 2.01 2.00 2.01 2.04 2.09 2.17 2.29 2.43 2.57
3.73 3.74 3.75 3.71 3.65 3.59 3.55 3.53 3.53 3.50 3.46 3.45 3.44 3.41 3.33 3.20 3.04 2.87 2.71 2.57 2.47 2.41 2.32 2.19 2.08 2.06 2.09 2.19 2.36 2.60 2.78 2.85 2.84 2.78 2.71 2.66 2.63 2.62 2.63 2.65 2.68 2.71 2.71 2.69 2.66 2.64 2.66 2.72 2.81 2.90 2.99 3.06 3.08 3.04 2.95 2.84 2.74 2.69 2.67 2.66 2.65 2.63 2.61 2.58 2.55 2.53 2.52 2.51 2.48 2.44 2.37 2.30 2.24 2.19 2.15 2.11 2.08 2.07 2.09 2.14 2.22 2.32 2.44 2.58
3.67 3.68 3.70 3.67 3.61 3.54 3.52 3.52 3.51 3.46 3.40 3.37 3.36 3.33 3.26 3.14 2.97 2.80 2.67 2.57 2.52 2.48 2.40 2.27 2.14 2.08 2.09 2.16 2.29 2.50 2.68 2.78 2.80 2.77 2.72 2.68 2.66 2.67 2.69 2.71 2.74 2.76 2.77 2.76 2.75 2.75 2.76 2.79 2.83 2.89 2.97 3.05 3.10 3.08 3.02 2.91 2.80 2.73 2.70 2.69 2.69 2.68 2.67 2.64 2.62 2.60 2.58 2.56 2.53 2.49 2.43 2.38 2.34 2.30 2.26 2.22 2.18 2.15 2.16 2.20 2.25 2.32 2.42 2.53
3.60 3.61 3.62 3.60 3.54 3.47 3.41 3.38 3.40 3.40 3.38 3.36 3.36 3.33 3.28 3.18 3.03 2.84 2.70 2.61 2.56 2.55 2.50 2.40 2.26 2.15 2.12 2.17 2.28 2.45 2.61 2.71 2.75 2.74 2.71 2.70 2.71 2.73 2.75 2.77 2.78 2.78 2.77 2.78 2.79 2.82 2.85 2.87 2.89 2.92 2.96 3.03 3.10 3.11 3.07 2.98 2.86 2.77 2.72 2.71 2.71 2.71 2.70 2.69 2.67 2.65 2.62 2.59 2.56 2.52 2.49 2.47 2.45 2.42 2.37 2.33 2.29 2.27 2.26 2.27 2.29 2.32 2.37 2.43
3.56 3.55 3.54 3.52 3.48 3.41 3.30 3.21 3.25 3.32 3.37 3.39 3.41 3.41 3.38 3.31 3.17 2.99 2.82 2.70 2.63 2.62 2.60 2.55 2.44 2.30 2.21 2.23 2.32 2.45 2.58 2.68 2.72 2.73 2.72 2.74 2.77 2.80 2.81 2.81 2.80 2.78 2.75 2.75 2.78 2.83 2.88 2.91 2.93 2.95 2.98 3.03 3.09 3.13 3.11 3.03 2.92 2.82 2.75 2.72 2.72 2.72 2.72 2.72 2.71 2.68 2.65 2.61 2.59 2.58 2.58 2.59 2.58 2.56 2.51 2.46 2.43 2.40 2.37 2.35 2.34 2.34 2.33 2.34
3.54 3.52 3.49 3.46 3.42 3.36 3.23 3.12 3.15 3.24 3.33 3.40 3.46 3.50 3.51 3.47 3.38 3.24 3.06 2.89 2.76 2.70 2.69 2.69 2.63 2.51 2.40 2.36 2.40 2.50 2.61 2.70 2.75 2.76 2.77 2.81 2.84 2.87 2.87 2.85 2.80 2.75 2.70 2.70 2.74 2.80 2.85 2.90 2.94 2.97 3.00 3.04 3.09 3.13 3.13 3.08 2.98 2.86 2.78 2.74 2.73 2.74 2.74 2.75 2.74 2.72 2.69 2.66 2.66 2.67 2.69 2.71 2.71 2.69 2.66 2.61 2.58 2.54 2.50 2.46 2.42 2.38 2.34 2.30
3.55 3.52 3.48 3.43 3.39 3.32 3.19 3.09 3.10 3.19 3.31 3.41 3.50 3.57 3.61 3.62 3.59 3.50 3.35 3.16 2.97 2.83 2.79 2.79 2.76 2.69 2.59 2.51 2.51 2.58 2.67 2.76 2.81 2.83 2.84 2.88 2.91 2.91 2.89 2.85 2.78 2.71 2.66 2.65 2.69 2.74 2.80 2.86 2.91 2.95 2.98 3.02 3.07 3.12 3.14 3.11 3.03 2.93 2.85 2.80 2.79 2.80 2.80 2.80 2.79 2.77 2.74 2.73 2.73 2.75 2.77 2.79 2.80 2.79 2.77 2.74 2.71 2.68 2.63 2.57 2.51 2.44 2.38 2.31
3.56 3.54 3.49 3.44 3.38 3.30 3.16 3.06 3.07 3.17 3.31 3.44 3.55 3.64 3.70 3.74 3.74 3.70 3.60 3.45 3.26 3.07 2.94 2.88 2.84 2.79 2.72 2.65 2.63 2.68 2.76 2.85 2.90 2.92 2.93 2.94 2.94 2.91 2.87 2.81 2.74 2.67 2.63 2.63 2.65 2.69 2.75 2.81 2.87 2.90 2.92 2.95 3.02 3.09 3.13 3.13 3.08 3.01 2.95 2.91 2.90 2.91 2.90 2.89 2.87 2.84 2.80 2.79 2.79 2.79 2.80 2.80 2.81 2.82 2.83 2.83 2.81 2.79 2.75 2.68 2.61 2.52 2.44 2.37
3.58 3.56 3.52 3.47 3.40 3.29 3.14 3.03 3.04 3.15 3.31 3.46 3.59 3.69 3.76 3.81 3.84 3.83 3.78 3.69 3.55 3.36 3.18 3.05 2.97 2.92 2.87 2.80 2.78 2.80 2.86 2.94 2.99 3.01 3.01 2.99 2.95 2.90 2.84 2.78 2.71 2.65 2.63 2.63 2.64 2.67 2.72 2.78 2.84 2.89 2.91 2.93 2.98 3.06 3.11 3.13 3.11 3.07 3.03 3.01 3.00 2.99 2.98 2.95 2.91 2.87 2.83 2.82 2.82 2.81 2.80 2.79 2.79 2.82 2.84 2.86 2.87 2.85 2.82 2.76 2.69 2.60 2.52 2.43
3.59 3.58 3.55 3.50 3.42 3.30 3.12 3.00 3.02 3.13 3.30 3.46 3.60 3.70 3.78 3.84 3.88 3.90 3.89 3.84 3.75 3.62 3.46 3.31 3.20 3.12 3.05 2.98 2.94 2.94 2.97 3.01 3.04 3.06 3.06 3.02 2.97 2.91 2.85 2.79 2.73 2.67 2.63 2.63 2.64 2.67 2.72 2.79 2.86 2.92 2.97 2.99 3.02 3.06 3.10 3.11 3.10 3.09 3.07 3.05 3.04 3.01 2.97 2.92 2.88 2.84 2.81 2.79 2.79 2.80 2.80 2.80 2.81 2.83 2.85 2.87 2.87 2.86 2.84 2.79 2.73 2.65 2.58 2.50
3.59 3.59 3.57 3.53 3.45 3.32 3.12 2.99 3.00 3.09 3.25 3.41 3.55 3.67 3.76 3.83 3.88 3.92 3.93 3.92 3.88 3.79 3.67 3.53 3.41 3.30 3.20 3.13 3.10 3.08 3.08 3.08 3.08 3.09 3.08 3.04 2.98 2.93 2.87 2.82 2.77 2.71 2.65 2.64 2.65 2.69 2.74 2.80 2.87 2.95 3.02 3.06 3.08 3.09 3.10 3.10 3.09 3.08 3.07 3.06 3.03 2.99 2.94 2.89 2.86 2.84 2.83 2.80 2.78 2.79 2.81 2.82 2.83 2.84 2.85 2.85 2.85 2.84 2.82 2.78 2.74 2.69 2.63 2.56
