code/windninja/wind/local_verysmall_0_3_36m_vel.asc
ncols	155
nrows	130
xllcorner	345883.009681
yllcorner	2641788.262498
cellsize	35.940000
NODATA_value	-32768.000000
[rows 0 to 37 of 130, columns 0 to 83 of 155]
3.45 3.45 3.47 3.50 3.52 3.56 3.65 3.75 3.89 4.08 4.24 4.28 4.27 4.47 4.52 4.58 4.81 4.94 4.80 3.48 3.40 3.67 4.23 4.67 4.80 4.69 4.40 4.39 4.41 4.46 4.43 4.27 4.04 4.00 3.99 4.03 4.06 4.00 3.89 3.77 3.72 3.67 3.65 3.62 3.57 3.53 3.50 3.48 3.47 3.47 3.45 3.44 3.42 3.40 3.37 3.34 3.32 3.29 3.26 3.20 3.11 3.00 2.92 2.86 2.78 2.69 2.56 2.41 2.24 2.09 1.95 1.82 1.70 1.59 1.51 1.49 1.54 1.67 1.73 1.67 1.51 1.32 1.08 1.13
3.45 3.45 3.47 3.50 3.52 3.56 3.65 3.75 3.89 4.08 4.24 4.28 4.27 4.47 4.52 4.58 4.81 4.94 4.80 3.48 3.40 3.67 4.23 4.67 4.80 4.69 4.40 4.39 4.41 4.46 4.43 4.27 4.04 4.00 3.99 4.03 4.06 4.00 3.89 3.77 3.72 3.67 3.65 3.62 3.57 3.53 3.50 3.48 3.47 3.47 3.45 3.44 3.42 3.40 3.37 3.34 3.32 3.29 3.26 3.20 3.11 3.00 2.92 2.86 2.78 2.69 2.56 2.41 2.24 2.09 1.95 1.82 1.70 1.59 1.51 1.49 1.54 1.67 1.73 1.67 1.51 1.32 1.08 1.13
3.45 3.45 3.47 3.50 3.52 3.56 3.65 3.75 3.89 4.08 4.24 4.28 4.27 4.47 4.52 4.58 4.81 4.94 4.80 3.48 3.40 3.67 4.23 4.67 4.80 4.69 4.40 4.39 4.41 4.46 4.43 4.27 4.04 4.00 3.99 4.03 4.06 4.00 3.89 3.77 3.72 3.67 3.65 3.62 3.57 3.53 3.50 3.48 3.47 3.47 3.45 3.44 3.42 3.40 3.37 3.34 3.32 3.29 3.26 3.20 3.11 3.00 2.92 2.86 2.78 2.69 2.56 2.41 2.24 2.09 1.95 1.82 1.70 1.59 1.51 1.49 1.54 1.67 1.73 1.67 1.51 1.32 1.08 1.13
3.45 3.45 3.46 3.54 3.63 3.64 3.56 3.64 3.94 4.34 4.71 4.92 4.82 3.88 3.99 4.71 5.38 5.69 5.46 2.10 2.05 3.26 4.49 5.20 5.42 5.20 4.08 4.00 4.39 4.72 4.80 4.57 3.82 3.68 3.89 4.12 4.25 4.26 4.08 3.75 3.62 3.64 3.70 3.71 3.63 3.49 3.42 3.44 3.48 3.49 3.47 3.42 3.39 3.38 3.36 3.32 3.28 3.26 3.26 3.21 3.10 2.93 2.77 2.73 2.80 2.74 2.54 2.32 2.14 1.99 1.84 1.69 1.57 1.47 1.36 1.29 1.38 1.66 1.75 1.64 1.38 1.02 0.65 0.69
3.43 3.42 3.42 3.50 3.60 3.67 3.67 3.82 4.21 4.54 4.68 4.61 4.75 4.01 4.21 5.17 5.28 5.18 5.23 1.59 2.03 4.34 5.29 5.28 5.09 5.12 4.26 4.13 4.65 4.80 4.69 4.62 3.99 3.78 4.08 4.24 4.27 4.19 4.11 3.85 3.65 3.67 3.70 3.69 3.63 3.51 3.44 3.46 3.49 3.50 3.48 3.43 3.40 3.40 3.39 3.35 3.29 3.27 3.26 3.22 3.12 2.96 2.74 2.67 2.74 2.66 2.47 2.23 2.04 1.89 1.74 1.59 1.47 1.37 1.28 1.17 1.26 1.58 1.68 1.67 1.52 1.21 0.78 0.79
3.44 3.41 3.36 3.34 3.36 3.58 3.95 4.23 4.34 4.17 3.51 2.84 4.32 5.32 5.35 5.20 3.71 2.70 4.54 5.93 5.46 5.79 5.39 4.08 3.24 4.45 5.22 5.03 4.85 4.24 3.73 4.24 4.67 4.56 4.42 4.11 3.78 3.53 3.71 3.92 3.86 3.72 3.57 3.47 3.50 3.58 3.59 3.55 3.49 3.46 3.46 3.49 3.49 3.47 3.45 3.44 3.42 3.36 3.28 3.22 3.20 3.19 3.09 2.91 2.68 2.54 2.51 2.40 2.23 2.09 1.97 1.86 1.75 1.68 1.66 1.65 1.65 1.63 1.63 1.80 2.03 2.31 2.49 2.79
3.21 3.09 3.07 3.24 3.39 3.60 3.90 4.08 4.03 3.74 3.25 3.18 3.98 4.84 5.00 4.43 3.46 3.30 4.62 5.78 5.91 5.50 4.63 3.79 3.49 4.09 4.77 4.84 4.45 3.94 3.69 3.97 4.37 4.42 4.18 3.84 3.54 3.39 3.50 3.68 3.73 3.62 3.48 3.41 3.44 3.53 3.56 3.52 3.47 3.44 3.45 3.49 3.50 3.49 3.48 3.48 3.47 3.42 3.35 3.31 3.32 3.35 3.32 3.15 2.93 2.80 2.78 2.72 2.59 2.47 2.38 2.28 2.19 2.13 2.12 2.12 2.07 1.96 1.94 2.10 2.41 2.75 3.03 3.04
3.16 2.99 3.06 3.39 3.56 3.68 3.74 3.79 3.78 3.69 3.69 3.86 4.02 4.13 4.15 4.08 4.10 4.38 4.61 4.74 4.78 4.59 4.34 4.19 4.16 4.16 4.17 4.16 4.07 3.97 3.94 3.91 3.86 3.83 3.77 3.67 3.57 3.51 3.49 3.46 3.44 3.44 3.43 3.42 3.41 3.42 3.43 3.44 3.44 3.45 3.46 3.47 3.48 3.49 3.48 3.48 3.47 3.46 3.45 3.44 3.43 3.43 3.40 3.34 3.27 3.19 3.10 3.01 2.90 2.80 2.71 2.61 2.52 2.45 2.40 2.37 2.35 2.36 2.39 2.46 2.55 2.70 2.83 2.86
3.60 3.61 3.66 3.67 3.67 3.71 3.77 3.80 3.76 3.73 3.75 3.83 3.97 4.10 4.15 4.18 4.26 4.35 4.53 4.67 4.64 4.47 4.28 4.17 4.08 4.04 4.03 3.99 3.91 3.84 3.77 3.76 3.73 3.67 3.60 3.54 3.47 3.40 3.36 3.34 3.32 3.31 3.31 3.32 3.32 3.33 3.36 3.38 3.41 3.44 3.46 3.48 3.49 3.49 3.50 3.51 3.52 3.53 3.53 3.53 3.54 3.54 3.55 3.53 3.50 3.45 3.40 3.32 3.21 3.12 3.04 2.96 2.87 2.77 2.71 2.68 2.67 2.67 2.67 2.69 2.74 2.83 2.91 2.95
3.65 3.74 3.81 3.79 3.80 3.84 3.86 3.85 3.82 3.81 3.85 3.97 4.10 4.20 4.30 4.42 4.55 4.67 4.73 4.71 4.60 4.43 4.25 4.15 4.09 4.01 3.93 3.85 3.78 3.71 3.64 3.59 3.55 3.50 3.41 3.35 3.31 3.26 3.21 3.19 3.17 3.15 3.15 3.17 3.19 3.23 3.29 3.34 3.40 3.44 3.46 3.48 3.49 3.50 3.52 3.55 3.58 3.60 3.62 3.64 3.66 3.70 3.73 3.75 3.75 3.75 3.73 3.69 3.60 3.53 3.46 3.39 3.29 3.18 3.11 3.06 3.02 2.97 2.93 2.91 2.92 2.93 2.95 2.96
3.48 3.54 3.68 3.85 3.98 4.01 3.98 3.93 3.88 3.86 3.92 4.05 4.20 4.34 4.50 4.66 4.86 4.98 5.01 4.93 4.78 4.54 4.28 4.13 4.04 3.94 3.84 3.76 3.67 3.59 3.52 3.44 3.38 3.32 3.24 3.17 3.14 3.09 3.04 3.00 2.96 2.93 2.93 2.97 3.04 3.13 3.23 3.32 3.39 3.43 3.46 3.48 3.50 3.53 3.57 3.61 3.64 3.68 3.71 3.76 3.81 3.88 3.94 4.00 4.05 4.09 4.13 4.13 4.10 4.06 4.00 3.93 3.84 3.73 3.62 3.52 3.40 3.30 3.21 3.14 3.07 3.02 2.99 2.94
3.49 3.56 3.74 3.92 3.99 3.98 3.93 3.87 3.81 3.78 3.80 3.87 3.94 4.01 4.10 4.30 4.57 4.79 4.86 4.85 4.69 4.45 4.18 4.02 3.93 3.84 3.75 3.65 3.57 3.50 3.44 3.38 3.32 3.27 3.21 3.15 3.11 3.07 3.01 2.94 2.89 2.85 2.85 2.92 3.02 3.13 3.23 3.31 3.37 3.41 3.44 3.47 3.51 3.55 3.59 3.62 3.66 3.69 3.74 3.80 3.86 3.93 4.00 4.07 4.15 4.22 4.28 4.32 4.34 4.34 4.31 4.26 4.20 4.10 3.98 3.86 3.72 3.60 3.47 3.36 3.25 3.17 3.08 3.00
3.83 4.00 4.12 3.97 3.80 3.74 3.71 3.67 3.63 3.58 3.52 3.43 3.35 3.29 3.30 3.46 3.80 4.09 4.27 4.32 4.30 4.15 3.94 3.82 3.76 3.71 3.65 3.58 3.52 3.46 3.41 3.37 3.33 3.29 3.25 3.21 3.18 3.15 3.10 3.05 2.99 2.97 2.99 3.05 3.13 3.21 3.27 3.33 3.36 3.40 3.43 3.47 3.51 3.54 3.56 3.58 3.61 3.65 3.69 3.74 3.78 3.83 3.88 3.94 4.01 4.06 4.12 4.17 4.22 4.24 4.24 4.22 4.18 4.12 4.04 3.95 3.86 3.75 3.64 3.53 3.43 3.35 3.28 3.22
3.79 3.71 3.74 3.66 3.58 3.56 3.54 3.52 3.47 3.40 3.26 3.11 2.96 2.86 2.81 2.93 3.19 3.51 3.74 3.89 3.93 3.86 3.70 3.61 3.58 3.55 3.52 3.48 3.43 3.40 3.36 3.33 3.30 3.28 3.25 3.22 3.21 3.19 3.17 3.14 3.11 3.10 3.12 3.16 3.21 3.26 3.30 3.34 3.37 3.41 3.44 3.47 3.49 3.51 3.53 3.55 3.58 3.61 3.65 3.68 3.71 3.74 3.79 3.84 3.88 3.93 3.98 4.03 4.08 4.11 4.13 4.14 4.12 4.09 4.05 4.00 3.93 3.86 3.78 3.69 3.61 3.56 3.52 3.47
3.13 2.44 2.37 3.08 3.39 3.46 3.44 3.41 3.35 3.26 3.09 2.91 2.75 2.60 2.53 2.56 2.75 3.06 3.34 3.51 3.61 3.58 3.47 3.40 3.39 3.37 3.36 3.34 3.31 3.29 3.27 3.25 3.23 3.22 3.20 3.19 3.20 3.21 3.20 3.18 3.17 3.15 3.17 3.20 3.24 3.29 3.33 3.37 3.39 3.41 3.43 3.46 3.48 3.50 3.52 3.54 3.56 3.59 3.61 3.64 3.67 3.71 3.76 3.81 3.85 3.90 3.96 4.02 4.08 4.13 4.16 4.18 4.19 4.19 4.17 4.14 4.10 4.06 4.01 3.94 3.87 3.82 3.76 3.71
3.07 2.75 2.66 3.06 3.32 3.36 3.35 3.31 3.25 3.13 2.92 2.71 2.50 2.32 2.19 2.16 2.27 2.58 2.87 3.08 3.23 3.26 3.19 3.16 3.17 3.18 3.20 3.20 3.18 3.18 3.17 3.16 3.15 3.14 3.13 3.13 3.15 3.17 3.18 3.18 3.17 3.17 3.20 3.24 3.30 3.34 3.37 3.39 3.40 3.41 3.43 3.46 3.48 3.50 3.52 3.53 3.55 3.56 3.58 3.61 3.64 3.68 3.73 3.79 3.85 3.91 3.98 4.06 4.14 4.21 4.26 4.31 4.34 4.35 4.36 4.36 4.34 4.32 4.27 4.21 4.14 4.09 4.03 3.96
3.44 3.38 3.32 3.29 3.25 3.24 3.23 3.18 3.12 2.97 2.72 2.43 2.16 1.91 1.75 1.62 1.64 1.92 2.23 2.45 2.65 2.76 2.78 2.81 2.86 2.90 2.94 2.97 2.99 3.01 3.02 3.01 2.99 2.98 2.96 2.97 3.00 3.05 3.09 3.12 3.15 3.19 3.23 3.29 3.33 3.36 3.38 3.39 3.40 3.42 3.44 3.47 3.49 3.51 3.51 3.52 3.53 3.53 3.54 3.55 3.58 3.62 3.70 3.79 3.88 3.98 4.08 4.20 4.33 4.45 4.56 4.67 4.76 4.84 4.90 4.95 4.99 5.01 5.01 4.97 4.90 4.80 4.65 4.50
3.43 3.42 3.39 3.31 3.21 3.19 3.17 3.12 3.05 2.89 2.59 2.26 1.95 1.68 1.45 1.27 1.26 1.47 1.74 1.96 2.16 2.33 2.44 2.52 2.60 2.67 2.74 2.79 2.83 2.87 2.89 2.88 2.87 2.85 2.83 2.83 2.88 2.95 3.01 3.08 3.14 3.19 3.24 3.30 3.33 3.36 3.38 3.39 3.40 3.42 3.44 3.46 3.48 3.50 3.51 3.52 3.52 3.51 3.51 3.51 3.53 3.58 3.67 3.78 3.90 4.02 4.15 4.30 4.46 4.62 4.78 4.93 5.08 5.21 5.33 5.44 5.53 5.60 5.65 5.66 5.58 5.42 5.21 4.98
3.46 3.46 3.48 3.44 3.35 3.31 3.28 3.22 3.13 2.98 2.75 2.48 2.23 2.00 1.79 1.63 1.60 1.71 1.89 2.07 2.24 2.38 2.49 2.58 2.66 2.73 2.78 2.83 2.87 2.91 2.94 2.94 2.93 2.91 2.90 2.90 2.93 2.99 3.04 3.09 3.13 3.18 3.24 3.30 3.34 3.36 3.38 3.39 3.39 3.40 3.42 3.44 3.46 3.49 3.51 3.51 3.52 3.53 3.53 3.55 3.57 3.61 3.69 3.77 3.86 3.96 4.05 4.16 4.27 4.38 4.50 4.61 4.72 4.82 4.91 5.00 5.07 5.13 5.17 5.18 5.15 5.06 4.93 4.79
3.62 3.67 3.69 3.60 3.50 3.45 3.41 3.34 3.24 3.11 2.94 2.75 2.57 2.39 2.22 2.11 2.10 2.16 2.27 2.40 2.51 2.61 2.68 2.74 2.80 2.85 2.89 2.92 2.95 2.98 3.02 3.03 3.03 3.02 3.00 3.00 3.02 3.05 3.08 3.11 3.15 3.19 3.24 3.30 3.33 3.36 3.37 3.38 3.38 3.39 3.42 3.44 3.46 3.48 3.50 3.52 3.54 3.56 3.58 3.60 3.63 3.66 3.71 3.76 3.82 3.87 3.93 3.99 4.05 4.11 4.17 4.22 4.28 4.33 4.37 4.41 4.45 4.48 4.50 4.51 4.51 4.51 4.48 4.44
3.65 3.67 3.67 3.62 3.57 3.55 3.49 3.42 3.32 3.20 3.06 2.90 2.75 2.61 2.48 2.39 2.38 2.42 2.49 2.56 2.64 2.71 2.77 2.82 2.86 2.89 2.92 2.94 2.96 3.00 3.03 3.05 3.05 3.04 3.04 3.03 3.05 3.07 3.10 3.13 3.16 3.19 3.25 3.30 3.33 3.35 3.36 3.37 3.38 3.39 3.41 3.43 3.45 3.47 3.50 3.52 3.55 3.58 3.60 3.63 3.65 3.68 3.72 3.76 3.80 3.84 3.87 3.91 3.95 3.99 4.03 4.06 4.10 4.13 4.16 4.19 4.21 4.23 4.25 4.27 4.29 4.32 4.33 4.33
3.39 3.30 3.34 3.54 3.65 3.66 3.60 3.51 3.40 3.30 3.17 3.03 2.90 2.78 2.67 2.59 2.56 2.58 2.62 2.69 2.75 2.80 2.84 2.87 2.90 2.92 2.94 2.96 2.97 3.00 3.03 3.05 3.05 3.05 3.05 3.05 3.06 3.09 3.11 3.14 3.17 3.21 3.26 3.30 3.33 3.34 3.35 3.35 3.35 3.36 3.38 3.41 3.44 3.47 3.50 3.53 3.56 3.59 3.63 3.66 3.69 3.71 3.74 3.77 3.79 3.81 3.83 3.85 3.87 3.89 3.91 3.93 3.95 3.96 3.98 4.00 4.02 4.04 4.06 4.09 4.12 4.17 4.22 4.26
3.41 3.39 3.52 3.75 3.88 3.88 3.80 3.67 3.54 3.41 3.28 3.15 3.03 2.91 2.80 2.71 2.67 2.67 2.70 2.74 2.79 2.84 2.88 2.90 2.92 2.92 2.92 2.93 2.93 2.95 2.98 3.00 3.02 3.02 3.02 3.03 3.04 3.07 3.11 3.15 3.18 3.23 3.28 3.31 3.32 3.32 3.31 3.30 3.30 3.32 3.35 3.38 3.42 3.45 3.49 3.53 3.58 3.62 3.67 3.71 3.74 3.77 3.79 3.79 3.80 3.80 3.80 3.80 3.80 3.80 3.81 3.81 3.82 3.83 3.85 3.86 3.87 3.89 3.91 3.93 3.98 4.06 4.15 4.24
3.56 3.68 3.93 4.08 4.14 4.10 3.98 3.83 3.68 3.54 3.40 3.26 3.14 3.01 2.89 2.79 2.73 2.72 2.75 2.79 2.83 2.87 2.90 2.92 2.92 2.90 2.89 2.88 2.87 2.88 2.91 2.93 2.95 2.96 2.96 2.97 3.00 3.05 3.09 3.15 3.20 3.25 3.29 3.31 3.31 3.29 3.27 3.25 3.25 3.27 3.31 3.35 3.40 3.44 3.49 3.54 3.60 3.66 3.72 3.77 3.81 3.83 3.84 3.83 3.81 3.79 3.77 3.75 3.73 3.73 3.72 3.72 3.72 3.72 3.72 3.73 3.73 3.74 3.76 3.79 3.85 3.96 4.09 4.23
3.64 3.77 4.05 4.10 4.04 3.99 3.90 3.79 3.67 3.57 3.46 3.34 3.23 3.12 3.00 2.90 2.83 2.82 2.83 2.86 2.89 2.92 2.95 2.96 2.95 2.94 2.91 2.89 2.87 2.88 2.90 2.93 2.94 2.95 2.95 2.96 2.99 3.04 3.09 3.14 3.20 3.25 3.29 3.31 3.31 3.30 3.28 3.26 3.26 3.29 3.33 3.37 3.41 3.45 3.50 3.55 3.60 3.65 3.71 3.76 3.80 3.82 3.82 3.81 3.79 3.76 3.74 3.72 3.70 3.69 3.68 3.68 3.68 3.67 3.67 3.67 3.68 3.69 3.71 3.74 3.80 3.90 4.03 4.17
4.23 4.49 4.55 4.05 3.68 3.65 3.64 3.61 3.57 3.52 3.46 3.39 3.32 3.23 3.13 3.04 2.98 2.96 2.95 2.96 2.97 2.99 3.00 3.02 3.01 2.99 2.97 2.95 2.94 2.94 2.95 2.97 2.98 2.98 2.98 2.99 3.01 3.05 3.10 3.15 3.19 3.25 3.30 3.32 3.33 3.34 3.33 3.33 3.33 3.36 3.39 3.42 3.45 3.48 3.51 3.55 3.58 3.62 3.66 3.70 3.72 3.74 3.75 3.75 3.74 3.73 3.72 3.71 3.70 3.69 3.69 3.68 3.68 3.68 3.68 3.69 3.70 3.72 3.74 3.77 3.82 3.89 3.98 4.08
4.50 4.36 3.99 3.19 3.36 3.41 3.48 3.50 3.51 3.51 3.49 3.46 3.40 3.33 3.24 3.16 3.11 3.08 3.07 3.05 3.05 3.04 3.04 3.04 3.04 3.02 2.99 2.97 2.95 2.95 2.97 2.98 2.99 2.99 3.00 3.01 3.03 3.06 3.10 3.15 3.20 3.25 3.30 3.33 3.35 3.36 3.37 3.37 3.38 3.40 3.43 3.46 3.48 3.50 3.52 3.55 3.57 3.60 3.63 3.65 3.67 3.69 3.70 3.71 3.71 3.71 3.70 3.69 3.69 3.68 3.68 3.68 3.68 3.68 3.68 3.69 3.71 3.73 3.76 3.79 3.83 3.88 3.94 4.01
4.75 3.03 1.56 2.37 3.03 3.34 3.42 3.48 3.50 3.53 3.54 3.52 3.49 3.42 3.35 3.28 3.22 3.19 3.17 3.14 3.12 3.10 3.08 3.07 3.05 3.02 2.98 2.95 2.92 2.92 2.93 2.94 2.96 2.97 2.98 2.99 3.02 3.05 3.10 3.14 3.19 3.25 3.30 3.33 3.35 3.37 3.38 3.39 3.40 3.43 3.45 3.47 3.50 3.51 3.53 3.55 3.57 3.59 3.62 3.63 3.65 3.66 3.68 3.69 3.69 3.69 3.69 3.68 3.67 3.67 3.66 3.66 3.66 3.66 3.66 3.68 3.69 3.72 3.75 3.78 3.82 3.87 3.93 4.00
4.05 3.20 2.56 2.74 3.05 3.30 3.42 3.48 3.52 3.56 3.59 3.59 3.57 3.52 3.46 3.41 3.36 3.32 3.27 3.23 3.20 3.16 3.13 3.11 3.07 3.02 2.96 2.90 2.86 2.84 2.85 2.87 2.89 2.91 2.93 2.95 2.98 3.03 3.08 3.13 3.19 3.25 3.30 3.33 3.35 3.37 3.38 3.39 3.41 3.43 3.46 3.48 3.50 3.52 3.53 3.55 3.57 3.59 3.61 3.63 3.64 3.65 3.67 3.68 3.68 3.68 3.68 3.67 3.66 3.65 3.64 3.63 3.63 3.63 3.63 3.64 3.67 3.69 3.73 3.77 3.82 3.88 3.95 4.03
3.94 3.87 3.90 3.60 3.22 3.39 3.50 3.55 3.59 3.63 3.67 3.69 3.70 3.68 3.65 3.60 3.56 3.51 3.44 3.38 3.32 3.26 3.21 3.15 3.08 2.98 2.88 2.77 2.68 2.65 2.67 2.70 2.73 2.77 2.81 2.85 2.90 2.95 3.02 3.08 3.15 3.23 3.28 3.31 3.32 3.34 3.35 3.35 3.37 3.40 3.44 3.47 3.49 3.51 3.53 3.55 3.57 3.59 3.61 3.63 3.65 3.66 3.67 3.68 3.69 3.69 3.69 3.68 3.66 3.64 3.61 3.59 3.57 3.56 3.57 3.59 3.62 3.66 3.70 3.75 3.82 3.91 4.02 4.13
3.84 4.02 4.21 3.71 3.26 3.38 3.47 3.54 3.59 3.65 3.70 3.74 3.76 3.76 3.74 3.71 3.67 3.62 3.54 3.47 3.40 3.33 3.27 3.21 3.12 3.00 2.87 2.72 2.60 2.55 2.56 2.59 2.63 2.68 2.73 2.78 2.85 2.92 2.99 3.07 3.15 3.23 3.29 3.31 3.32 3.33 3.34 3.35 3.36 3.40 3.44 3.47 3.50 3.52 3.53 3.55 3.57 3.59 3.61 3.63 3.65 3.66 3.68 3.69 3.70 3.70 3.70 3.68 3.66 3.63 3.61 3.58 3.55 3.54 3.54 3.56 3.60 3.64 3.69 3.75 3.83 3.94 4.08 4.21
3.95 4.11 4.08 3.30 3.04 3.11 3.22 3.34 3.42 3.51 3.56 3.60 3.61 3.62 3.60 3.56 3.52 3.48 3.43 3.38 3.33 3.29 3.26 3.25 3.21 3.13 3.03 2.90 2.78 2.72 2.71 2.72 2.75 2.79 2.83 2.88 2.94 3.01 3.09 3.16 3.24 3.32 3.37 3.39 3.41 3.42 3.43 3.44 3.45 3.48 3.51 3.53 3.55 3.55 3.55 3.56 3.58 3.59 3.60 3.62 3.63 3.64 3.65 3.67 3.68 3.68 3.68 3.67 3.66 3.65 3.63 3.62 3.61 3.60 3.61 3.63 3.66 3.69 3.73 3.78 3.85 3.93 4.03 4.11
4.66 4.84 4.45 3.03 2.72 2.84 2.98 3.13 3.25 3.34 3.40 3.43 3.44 3.44 3.42 3.38 3.33 3.30 3.28 3.25 3.22 3.21 3.21 3.25 3.27 3.24 3.18 3.10 3.00 2.93 2.91 2.91 2.93 2.95 2.98 3.03 3.08 3.15 3.22 3.28 3.35 3.42 3.47 3.49 3.51 3.52 3.53 3.54 3.55 3.57 3.59 3.59 3.59 3.58 3.57 3.57 3.58 3.59 3.60 3.60 3.61 3.62 3.63 3.65 3.66 3.67 3.67 3.67 3.67 3.67 3.67 3.67 3.68 3.68 3.69 3.71 3.73 3.75 3.78 3.81 3.85 3.91 3.96 4.00
5.12 4.96 4.10 2.14 2.42 2.61 2.82 2.98 3.12 3.22 3.28 3.31 3.33 3.34 3.32 3.26 3.21 3.19 3.17 3.15 3.14 3.13 3.15 3.22 3.28 3.29 3.26 3.20 3.12 3.06 3.04 3.04 3.05 3.07 3.10 3.14 3.20 3.27 3.33 3.39 3.46 3.53 3.57 3.59 3.61 3.62 3.63 3.63 3.63 3.64 3.64 3.64 3.62 3.60 3.58 3.58 3.58 3.58 3.59 3.59 3.60 3.61 3.63 3.64 3.66 3.68 3.69 3.69 3.70 3.71 3.72 3.73 3.73 3.74 3.75 3.77 3.78 3.79 3.81 3.83 3.86 3.91 3.94 3.95
6.16 3.95 1.60 1.67 2.06 2.45 2.65 2.83 2.97 3.09 3.15 3.19 3.21 3.22 3.19 3.14 3.09 3.07 3.05 3.04 3.03 3.03 3.05 3.14 3.23 3.28 3.29 3.27 3.21 3.17 3.15 3.15 3.16 3.18 3.21 3.26 3.32 3.39 3.46 3.53 3.59 3.65 3.70 3.71 3.72 3.73 3.73 3.72 3.72 3.71 3.70 3.68 3.65 3.62 3.59 3.57 3.57 3.57 3.57 3.58 3.58 3.60 3.62 3.64 3.66 3.69 3.71 3.72 3.74 3.76 3.78 3.79 3.80 3.82 3.83 3.83 3.84 3.84 3.85 3.86 3.88 3.91 3.92 3.92
4.99 3.78 2.57 2.26 2.11 2.29 2.49 2.64 2.79 2.90 2.98 3.01 3.04 3.05 3.04 2.98 2.94 2.91 2.90 2.87 2.85 2.84 2.86 2.97 3.10 3.20 3.27 3.31 3.31 3.29 3.28 3.29 3.29 3.31 3.33 3.39 3.46 3.56 3.65 3.73 3.80 3.87 3.91 3.92 3.91 3.91 3.90 3.88 3.86 3.83 3.78 3.73 3.68 3.62 3.57 3.55 3.54 3.54 3.54 3.54 3.55 3.57 3.61 3.64 3.68 3.72 3.75 3.78 3.82 3.85 3.89 3.92 3.95 3.97 3.97 3.97 3.96 3.94 3.93 3.92 3.93 3.94 3.94 3.92
4.26 4.08 3.82 3.15 2.23 2.22 2.36 2.49 2.61 2.73 2.81 2.85 2.88 2.89 2.88 2.84 2.80 2.77 2.75 2.72 2.69 2.65 2.66 2.79 2.95 3.10 3.23 3.33 3.39 3.42 3.42 3.42 3.43 3.43 3.45 3.50 3.61 3.73 3.85 3.96 4.04 4.10 4.12 4.13 4.11 4.09 4.07 4.04 4.00 3.93 3.86 3.77 3.69 3.61 3.55 3.52 3.51 3.51 3.51 3.51 3.52 3.55 3.59 3.64 3.69 3.75 3.80 3.84 3.89 3.94 3.99 4.04 4.08 4.10 4.11 4.09 4.06 4.03 4.00 3.98 3.97 3.96 3.95 3.93
4.02 4.07 3.97 3.13 2.40 2.31 2.37 2.47 2.57 2.69 2.77 2.82 2.85 2.87 2.86 2.84 2.81 2.80 2.78 2.75 2.72 2.68 2.69 2.79 2.93 3.06 3.18 3.29 3.38 3.42 3.45 3.46 3.46 3.47 3.49 3.56 3.67 3.80 3.91 4.01 4.07 4.09 4.09 4.09 4.08 4.05 4.03 4.00 3.96 3.90 3.83 3.75 3.68 3.61 3.55 3.53 3.52 3.52 3.52 3.53 3.54 3.56 3.60 3.64 3.69 3.73 3.77 3.81 3.85 3.89 3.93 3.96 3.99 4.01 4.01 3.99 3.97 3.94 3.91 3.89 3.88 3.88 3.86 3.82
