code/windninja/wind/TongMen1km_60_3_30m_ang.asc
ncols	37
nrows	37
xllcorner	347468.048975
yllcorner	2650100.843381
cellsize	30.000000
NODATA_value	-32768.000000
 49 46 41 40 41 41 39 37 35 34 34 34 33 33 33 34 35 36 37 38 40 41 43 47 49 49 49 49 48 48 48 49 51 53 55 58 59
 49 46 41 40 41 41 39 37 35 34 34 34 33 33 33 34 35 36 37 38 40 41 43 47 49 49 49 49 48 48 48 49 51 53 55 58 59
 45 44 41 40 41 41 39 36 35 34 34 34 34 33 34 35 35 37 38 39 41 42 45 49 51 50 50 50 49 49 50 51 53 55 56 59 61
 36 39 41 42 43 43 41 38 37 36 36 37 38 38 38 39 40 41 42 44 46 48 52 55 55 54 53 54 53 54 54 56 57 59 60 62 63
 31 36 41 44 46 45 44 41 39 39 40 42 43 43 44 45 46 47 49 51 53 56 58 60 59 57 57 57 56 57 58 60 61 62 63 64 65
 25 32 40 44 47 47 46 44 42 42 44 45 46 47 48 49 50 51 53 56 58 60 61 62 61 59 58 58 58 58 60 62 63 64 65 65 66
 17 26 39 44 47 48 48 47 45 45 47 49 49 50 51 52 53 53 56 59 61 63 63 63 61 60 59 58 59 59 61 63 64 65 65 66 66
 15 24 38 45 48 48 49 49 49 50 52 53 54 54 55 56 56 56 58 61 63 65 64 64 62 60 59 59 59 60 62 64 65 65 65 66 67
 20 27 38 45 48 49 49 50 51 54 57 58 58 58 58 58 58 59 60 62 64 66 66 65 63 61 59 59 60 61 62 64 65 66 66 67 68
 27 31 40 46 49 50 50 52 54 57 59 60 61 60 60 60 59 60 61 63 65 67 68 67 64 62 60 60 60 61 63 65 66 66 67 68 68
 32 36 42 47 51 53 54 55 58 60 62 62 62 62 62 61 61 61 62 65 67 68 68 67 64 62 61 61 61 62 64 65 66 66 67 69 69
 37 39 44 50 55 58 59 61 63 64 64 63 63 64 64 63 63 63 65 67 68 69 68 66 64 62 61 61 61 62 64 65 66 66 67 68 69
 40 42 46 52 56 60 63 66 67 67 66 64 64 65 64 64 65 66 67 69 70 70 69 66 64 62 61 62 62 63 64 65 66 66 67 68 69
 42 44 48 52 57 60 64 68 71 72 70 68 67 66 65 64 65 67 69 70 70 70 68 66 64 62 62 62 63 64 64 65 65 66 67 68 68
 44 46 49 53 56 60 63 67 71 72 72 71 70 69 67 66 67 69 70 70 70 69 67 65 63 62 62 63 64 65 65 65 65 66 67 68 68
 46 48 51 54 56 59 62 65 67 69 70 71 71 71 70 70 71 72 72 71 70 68 66 64 62 62 63 64 65 65 65 65 65 65 66 68 68
 48 49 52 54 56 59 61 63 65 66 68 69 70 71 72 73 74 75 74 73 71 68 66 63 62 62 63 65 66 66 66 65 64 65 66 67 68
 50 51 53 55 57 58 60 62 63 65 66 67 68 70 71 73 75 76 75 73 71 68 65 63 62 63 64 66 66 67 66 66 65 65 66 67 68
 51 52 54 56 57 59 60 61 62 64 65 66 67 68 70 72 74 75 74 73 71 68 65 63 62 63 64 65 66 66 66 66 65 65 66 67 68
 52 53 55 57 58 60 61 61 62 63 64 65 66 67 68 70 71 72 72 71 69 66 63 62 61 61 62 64 65 65 65 65 65 65 66 67 68
 54 54 56 58 59 60 61 62 62 63 64 65 66 66 67 68 69 69 70 69 67 64 61 60 59 59 60 62 63 63 63 64 64 65 66 67 67
 55 55 57 58 59 61 62 62 63 63 64 64 65 65 66 66 66 67 67 66 63 61 59 58 57 58 59 61 62 63 63 63 63 64 65 67 67
 55 56 57 58 59 60 61 62 62 63 64 64 64 64 65 65 65 65 64 63 60 58 57 56 56 57 58 60 61 62 62 62 63 64 65 67 67
 56 56 57 58 59 60 61 62 62 63 64 64 64 64 63 64 64 63 62 61 58 56 55 54 54 55 57 58 59 60 60 61 62 63 65 66 67
 56 57 58 59 59 60 61 62 63 63 64 64 63 63 63 63 63 62 61 60 57 54 53 52 53 54 56 57 58 58 58 59 61 63 65 67 67
 57 58 59 59 60 61 61 62 63 64 64 64 63 63 63 63 63 62 61 59 57 55 52 51 52 54 55 57 57 57 56 58 60 62 64 67 68
 58 58 59 60 60 61 62 62 63 64 65 64 64 64 64 64 63 63 62 60 59 57 54 53 53 55 56 57 57 56 56 57 60 62 64 66 68
 58 59 60 61 62 62 62 63 64 64 64 64 64 65 65 65 64 63 63 62 61 60 58 57 57 58 58 58 57 56 57 58 60 62 64 66 68
 59 60 61 62 63 63 63 64 64 64 64 64 65 65 66 65 65 64 64 63 63 63 62 62 63 63 62 61 59 58 59 60 61 63 65 67 69
 60 61 63 63 64 64 64 64 64 64 64 64 65 65 66 65 65 65 65 64 64 65 66 67 68 68 68 66 64 63 62 63 63 64 66 69 70
 62 63 64 65 66 66 66 65 65 64 64 64 64 65 65 65 65 65 65 66 66 67 68 70 72 72 72 71 70 70 69 68 67 67 69 70 71
 63 64 65 67 68 69 68 67 66 64 64 64 64 65 65 65 66 66 67 67 68 69 71 72 74 75 75 75 74 74 75 74 73 72 72 72 72
 64 64 65 67 70 71 71 69 67 65 64 64 65 65 65 66 66 67 68 69 70 71 72 74 77 79 80 79 77 78 78 78 78 77 76 75 74
 64 64 64 66 69 72 72 70 67 65 64 64 64 65 65 66 67 68 69 70 71 72 74 76 79 82 86 86 84 82 82 82 81 81 79 76 75
 64 63 63 63 65 67 68 66 64 62 62 63 64 64 65 66 67 68 70 71 72 74 76 78 81 85 89 93 92 90 88 86 85 84 82 77 75
 63 62 60 60 60 60 58 56 55 56 58 61 62 64 65 66 67 69 70 72 73 75 77 80 83 87 92 97 99 98 95 92 91 89 85 78 75
 61 60 58 57 56 54 51 47 47 50 54 58 61 63 65 66 68 69 70 72 74 76 78 81 85 89 94 100 104 106 105 101 98 95 91 80 74
