code/windninja/wind/TongMen1km_60_3_30m_vel.asc
ncols	37
nrows	37
xllcorner	347468.048975
yllcorner	2650100.843381
cellsize	30.000000
NODATA_value	-32768.000000
 3.28 3.57 3.99 4.24 4.40 4.49 4.63 4.81 4.94 5.04 5.09 5.13 5.14 5.10 5.02 4.95 4.92 4.86 4.82 4.73 4.60 4.47 4.39 4.23 4.11 4.03 4.00 4.00 4.03 4.05 4.07 4.04 3.96 3.87 3.77 3.68 3.65
 3.28 3.57 3.99 4.24 4.40 4.49 4.63 4.81 4.94 5.04 5.09 5.13 5.14 5.10 5.02 4.95 4.92 4.86 4.82 4.73 4.60 4.47 4.39 4.23 4.11 4.03 4.00 4.00 4.03 4.05 4.07 4.04 3.96 3.87 3.77 3.68 3.65
 2.86 3.19 3.62 3.89 4.15 4.35 4.49 4.60 4.69 4.76 4.83 4.87 4.84 4.75 4.68 4.65 4.64 4.63 4.61 4.57 4.49 4.39 4.30 4.24 4.21 4.12 4.04 4.01 3.99 4.01 4.03 4.02 3.99 3.94 3.85 3.79 3.78
 2.28 2.53 2.93 3.21 3.52 3.85 4.04 4.10 4.15 4.19 4.24 4.30 4.25 4.14 4.02 3.95 3.93 3.99 4.06 4.12 4.14 4.08 4.04 4.19 4.27 4.13 3.99 3.91 3.81 3.79 3.85 3.91 3.98 4.00 3.95 3.94 3.96
 2.05 2.22 2.52 2.77 3.04 3.32 3.52 3.61 3.66 3.74 3.84 3.90 3.89 3.82 3.73 3.63 3.52 3.49 3.58 3.73 3.89 3.96 4.01 4.14 4.22 4.09 3.91 3.80 3.68 3.63 3.69 3.81 3.94 4.00 4.01 4.06 4.10
 1.92 2.08 2.38 2.61 2.79 2.96 3.11 3.20 3.25 3.38 3.55 3.66 3.68 3.66 3.62 3.56 3.44 3.33 3.35 3.52 3.77 3.98 4.12 4.23 4.22 4.05 3.88 3.76 3.66 3.62 3.65 3.79 3.95 4.04 4.08 4.15 4.21
 1.74 1.85 2.19 2.49 2.68 2.78 2.86 2.91 2.93 3.02 3.24 3.42 3.49 3.50 3.52 3.52 3.44 3.33 3.31 3.42 3.68 3.97 4.19 4.29 4.24 4.07 3.89 3.76 3.68 3.65 3.67 3.80 3.97 4.09 4.16 4.25 4.29
 1.65 1.67 1.88 2.24 2.52 2.68 2.76 2.79 2.77 2.79 2.95 3.16 3.27 3.34 3.39 3.44 3.41 3.34 3.32 3.40 3.61 3.92 4.17 4.28 4.26 4.12 3.95 3.80 3.71 3.68 3.72 3.84 3.99 4.11 4.21 4.34 4.41
 1.69 1.67 1.75 1.99 2.29 2.53 2.68 2.75 2.74 2.74 2.80 2.91 3.06 3.18 3.27 3.36 3.37 3.34 3.34 3.41 3.58 3.86 4.10 4.22 4.23 4.14 4.01 3.87 3.77 3.73 3.77 3.89 4.00 4.08 4.19 4.40 4.52
 1.78 1.75 1.76 1.88 2.06 2.29 2.49 2.65 2.73 2.78 2.79 2.80 2.90 3.03 3.16 3.28 3.34 3.36 3.38 3.44 3.59 3.83 4.06 4.18 4.17 4.09 4.00 3.92 3.83 3.78 3.82 3.94 4.04 4.08 4.18 4.42 4.57
 1.90 1.86 1.81 1.85 1.93 2.04 2.22 2.42 2.65 2.79 2.81 2.77 2.79 2.88 3.00 3.14 3.27 3.36 3.42 3.48 3.62 3.83 4.03 4.13 4.08 3.97 3.95 3.94 3.89 3.85 3.88 3.99 4.09 4.13 4.21 4.44 4.60
 2.03 1.98 1.90 1.90 1.91 1.92 1.98 2.16 2.47 2.75 2.82 2.75 2.71 2.77 2.82 2.94 3.10 3.28 3.42 3.53 3.65 3.82 3.98 4.08 4.03 3.91 3.90 3.95 3.96 3.95 3.96 4.02 4.12 4.19 4.28 4.48 4.62
 2.16 2.11 2.04 2.02 2.01 1.96 1.94 2.05 2.33 2.62 2.75 2.70 2.67 2.70 2.72 2.77 2.93 3.17 3.40 3.57 3.70 3.81 3.90 3.97 3.96 3.87 3.86 3.95 4.01 4.04 4.05 4.07 4.14 4.24 4.36 4.53 4.64
 2.25 2.23 2.19 2.18 2.17 2.11 2.05 2.08 2.24 2.47 2.60 2.59 2.58 2.62 2.64 2.67 2.83 3.11 3.39 3.61 3.74 3.82 3.83 3.83 3.83 3.79 3.81 3.91 4.03 4.09 4.12 4.14 4.18 4.27 4.42 4.59 4.68
 2.33 2.32 2.31 2.32 2.33 2.29 2.24 2.22 2.28 2.41 2.50 2.49 2.47 2.48 2.50 2.54 2.71 3.04 3.37 3.62 3.77 3.83 3.81 3.75 3.70 3.69 3.75 3.88 4.02 4.12 4.16 4.17 4.20 4.29 4.45 4.63 4.71
 2.39 2.39 2.39 2.41 2.44 2.45 2.42 2.39 2.41 2.47 2.51 2.48 2.43 2.41 2.40 2.41 2.57 2.90 3.29 3.60 3.77 3.81 3.77 3.67 3.61 3.63 3.71 3.85 4.01 4.11 4.15 4.17 4.21 4.31 4.49 4.66 4.72
 2.47 2.46 2.45 2.46 2.51 2.56 2.57 2.55 2.55 2.58 2.59 2.56 2.49 2.43 2.39 2.38 2.50 2.80 3.17 3.50 3.70 3.75 3.67 3.57 3.53 3.57 3.68 3.85 4.00 4.08 4.11 4.13 4.17 4.30 4.52 4.66 4.68
 2.56 2.55 2.52 2.51 2.55 2.62 2.66 2.66 2.66 2.67 2.68 2.66 2.59 2.53 2.46 2.42 2.49 2.71 3.03 3.35 3.58 3.66 3.57 3.45 3.43 3.51 3.66 3.85 3.99 4.05 4.06 4.06 4.09 4.24 4.48 4.62 4.64
 2.65 2.63 2.59 2.56 2.57 2.63 2.70 2.73 2.74 2.75 2.75 2.74 2.70 2.65 2.58 2.53 2.54 2.67 2.89 3.19 3.44 3.55 3.49 3.39 3.37 3.48 3.66 3.87 4.01 4.05 4.04 4.02 4.04 4.19 4.41 4.58 4.63
 2.73 2.71 2.66 2.61 2.60 2.63 2.69 2.76 2.79 2.81 2.82 2.82 2.79 2.76 2.71 2.65 2.63 2.68 2.82 3.05 3.29 3.42 3.43 3.38 3.38 3.49 3.69 3.90 4.05 4.09 4.06 4.04 4.07 4.19 4.38 4.55 4.60
 2.82 2.79 2.74 2.68 2.64 2.64 2.68 2.74 2.80 2.84 2.87 2.88 2.86 2.84 2.80 2.76 2.73 2.74 2.81 2.95 3.13 3.27 3.36 3.38 3.40 3.52 3.72 3.93 4.07 4.11 4.10 4.09 4.12 4.21 4.37 4.52 4.57
 2.90 2.88 2.82 2.77 2.71 2.68 2.69 2.73 2.79 2.85 2.90 2.92 2.91 2.89 2.87 2.84 2.81 2.80 2.82 2.89 2.99 3.13 3.28 3.37 3.42 3.54 3.73 3.94 4.08 4.13 4.12 4.12 4.16 4.24 4.37 4.51 4.57
 2.97 2.95 2.91 2.86 2.80 2.76 2.74 2.74 2.77 2.84 2.91 2.95 2.95 2.94 2.92 2.90 2.87 2.85 2.84 2.85 2.88 3.00 3.18 3.33 3.43 3.55 3.74 3.95 4.10 4.14 4.14 4.16 4.22 4.28 4.38 4.52 4.59
 3.02 3.01 2.98 2.94 2.89 2.84 2.80 2.77 2.77 2.83 2.91 2.96 2.97 2.96 2.96 2.94 2.92 2.89 2.85 2.80 2.79 2.87 3.05 3.26 3.42 3.56 3.74 3.94 4.09 4.14 4.18 4.24 4.30 4.34 4.41 4.54 4.59
 3.06 3.05 3.04 3.00 2.95 2.91 2.86 2.81 2.79 2.82 2.88 2.94 2.97 2.97 2.98 2.97 2.94 2.90 2.84 2.76 2.69 2.72 2.88 3.12 3.36 3.55 3.72 3.90 4.04 4.12 4.20 4.32 4.41 4.45 4.48 4.56 4.60
 3.11 3.10 3.07 3.04 3.01 2.97 2.92 2.87 2.84 2.83 2.85 2.89 2.92 2.95 2.98 2.97 2.94 2.90 2.83 2.72 2.60 2.55 2.64 2.85 3.17 3.44 3.65 3.82 3.95 4.04 4.14 4.32 4.48 4.56 4.59 4.64 4.68
 3.17 3.15 3.11 3.07 3.04 3.01 2.97 2.93 2.90 2.87 2.84 2.84 2.86 2.90 2.95 2.95 2.92 2.88 2.81 2.69 2.53 2.40 2.36 2.50 2.82 3.21 3.49 3.69 3.84 3.92 4.02 4.22 4.44 4.61 4.71 4.77 4.79
 3.22 3.20 3.16 3.11 3.07 3.03 2.99 2.96 2.95 2.91 2.86 2.83 2.83 2.87 2.91 2.92 2.89 2.85 2.79 2.67 2.51 2.34 2.20 2.19 2.44 2.85 3.22 3.49 3.67 3.77 3.87 4.07 4.32 4.57 4.78 4.90 4.92
 3.28 3.26 3.21 3.15 3.09 3.05 3.01 2.98 2.97 2.94 2.88 2.84 2.84 2.87 2.89 2.88 2.86 2.82 2.77 2.66 2.52 2.35 2.16 2.04 2.15 2.49 2.86 3.18 3.40 3.54 3.68 3.91 4.17 4.47 4.76 4.98 5.04
 3.36 3.33 3.26 3.18 3.10 3.05 3.02 3.00 2.97 2.95 2.90 2.87 2.88 2.89 2.89 2.87 2.84 2.81 2.76 2.68 2.55 2.41 2.21 2.04 2.04 2.23 2.53 2.82 3.05 3.22 3.42 3.68 3.97 4.32 4.70 5.04 5.16
 3.47 3.42 3.33 3.22 3.10 3.02 2.99 2.98 2.95 2.93 2.91 2.90 2.91 2.92 2.91 2.88 2.84 2.81 2.76 2.70 2.60 2.48 2.30 2.12 2.01 2.08 2.35 2.62 2.79 2.95 3.15 3.37 3.69 4.10 4.59 5.09 5.26
 3.61 3.54 3.42 3.30 3.14 3.01 2.93 2.89 2.88 2.88 2.89 2.92 2.94 2.95 2.93 2.90 2.86 2.82 2.77 2.72 2.65 2.55 2.40 2.22 2.05 2.01 2.22 2.50 2.69 2.85 3.02 3.16 3.37 3.80 4.44 5.10 5.34
 3.73 3.66 3.54 3.43 3.26 3.05 2.84 2.75 2.78 2.81 2.85 2.91 2.95 2.97 2.95 2.93 2.89 2.85 2.79 2.75 2.70 2.62 2.50 2.34 2.16 2.04 2.12 2.36 2.62 2.83 3.01 3.10 3.20 3.53 4.25 5.06 5.39
 3.81 3.74 3.65 3.61 3.48 3.18 2.78 2.61 2.66 2.73 2.81 2.90 2.97 2.99 2.99 2.97 2.94 2.89 2.84 2.79 2.75 2.69 2.60 2.47 2.30 2.16 2.12 2.25 2.51 2.80 3.01 3.11 3.13 3.34 4.02 4.94 5.34
 3.84 3.76 3.70 3.74 3.70 3.41 2.87 2.57 2.60 2.69 2.79 2.92 3.01 3.03 3.03 3.02 3.00 2.95 2.90 2.85 2.81 2.76 2.68 2.59 2.46 2.33 2.25 2.28 2.46 2.75 2.99 3.10 3.10 3.21 3.79 4.70 5.12
 3.80 3.73 3.68 3.77 3.83 3.69 3.26 2.83 2.77 2.83 2.89 3.00 3.08 3.10 3.09 3.09 3.07 3.03 2.98 2.93 2.89 2.84 2.78 2.71 2.61 2.52 2.47 2.46 2.57 2.77 2.97 3.09 3.07 3.08 3.48 4.32 4.78
 3.68 3.65 3.64 3.73 3.83 3.87 3.77 3.53 3.38 3.30 3.25 3.23 3.23 3.21 3.18 3.16 3.15 3.11 3.07 3.03 3.00 2.95 2.90 2.85 2.79 2.74 2.72 2.73 2.81 2.93 3.04 3.09 3.06 3.03 3.21 3.74 4.16
